> Border Bin # 131, Level 1
-130	55.2568856336
-129.971618219	55.2825207904
-130	55.3339436942
> Border Bin # 167, Level 1
-124.753948272	48.5011062791
-123.688868544	48.2372777905
-123.248645762	48.278019379
-123.114213779	48.4225223163
-123.255054551	48.6897077897
-122.998550393	48.8194094759
-123.307850767	48.9997711147
-120	48.9997711147
> Border Bin # 168, Level 1
-120	48.9997711147
-113.950713359	48.9997711147
-110	48.9997711147
> Border Bin # 169, Level 1
-110	48.9997711147
-104.593575952	48.9997711147
-100	48.9997711147
> Border Bin # 170, Level 1
-100	48.9997711147
-95.2364385443	48.9997711147
-95.1541924163	48.9994659342
-95.1528191043	49.3766689555
-94.8183413443	49.3099870298
-94.706645304	48.7905699245
-94.5375753414	48.7052719921
-93.858548867	48.6286717021
-93.7788967727	48.516365301
-93.2449835966	48.6405737392
-92.9530785077	48.6233310445
-92.6303501946	48.5369649805
-92.7028305486	48.4557869841
-92.4972915236	48.4463263905
-92.3566033417	48.228580148
-92.2610818647	48.3453116655
-92.0518806744	48.3535515373
-91.5625238422	48.0538643473
-91.2558175021	48.0772106508
-90.8917372396	48.2372777905
-90.7588311589	48.094758526
-90.3947508965	48.0961318379
> Border Bin # 170, Level 1
-90.3894102388	48.0971999695
-90.0717174029	48.1103227283
-90	48.0585946441
> Border Bin # 171, Level 1
-82.6547646296	42.5499351492
-83.086442359	42.3013656825
-83.1685358968	42.0460822461
-83.0719462882	41.8597695888
-82.6967269398	41.6838330663
-82.4252689403	41.6755931945
-81.2491035325	42.225070573
-80.096894789	42.3964293889
-80	42.4333562219
> Border Bin # 171, Level 1
-90	48.0585946441
-89.9038681621	47.9891660945
-89.3566796368	47.9797055009
-88.6883344778	48.2575722896
-88.3680476081	48.312199588
-84.8569466697	46.9022659648
-84.7750057221	46.6530861372
-84.5650415808	46.4663157092
-84.1263447013	46.5319295033
-84.105897612	46.2478065156
-83.9589532311	46.0717174029
-83.5774776837	46.1052872511
-83.4477759976	46.0119020371
-83.5983825437	45.8263523308
-82.5430685893	45.3557640955
-82.130312047	43.5852597848
-82.4208438239	43.0160982681
> Border Bin # 171, Level 1
-82.4205386435	43.0133516442
-82.5214007782	42.6189059281
-82.6500343328	42.5542076753
> Border Bin # 172, Level 1
-80	42.4333562219
-78.9858854047	42.8206301976
-78.9152361334	42.9242389563
-79.0814068818	43.0852216373
-79.0540932326	43.2625314717
-79.1847104601	43.4656290532
-78.7025253681	43.6380560006
-76.8020141909	43.6336308843
-76.4347295338	44.1046768902
-74.9907682918	44.9866483558
-71.4941634241	45.0205233845
-71.4402990768	45.2385748074
-71.3089188983	45.3014419776
-71.1400015259	45.2530708782
-70.9646753643	45.3556115053
-70.8789196612	45.2385748074
-70.8149843595	45.4261081865
-70.6396581979	45.4050507362
-70.6930647745	45.5719844358
-70.4168764782	45.7183184558
-70.2589456016	45.9075303273
-70.2536049439	46.1225299458
> Border Bin # 172, Level 1
-70.252994583	46.1197833219
-70.287785153	46.2030975814
-70.0508125429	46.4385442893
-70.0091554131	46.6981002518
-70	46.7072556649
> Border Bin # 173, Level 1
-68.8877698939	47.1880674449
-68.3070115206	47.364461738
-67.7933928435	47.0702677958
-67.7991912718	45.701075761
-67.4300755322	45.5933470665
> Border Bin # 173, Level 1
-70	46.7072556649
-69.2324711986	47.4714274815
-69.0485999847	47.43556878
-69.0449378195	47.2645151446
-68.8921950103	47.1877622644
> Border Bin # 173, Level 1
-67.4241245136	45.5947203784
-67.460593576	45.2719920653
-67.342183566	45.1500724804
-67.2050049592	45.183947509
> Border Bin # 204, Level 1
-117.122758831	32.5355916686
-114.718547341	32.7183947509
-114.809796292	32.503852903
-111.045853361	31.3330281529
-110	31.3330281529
> Border Bin # 205, Level 1
-110	31.3330281529
-108.208285649	31.3330281529
-108.208590829	31.7833218891
-106.400854505	31.7502098116
-106.214389258	31.475242237
-105.948882277	31.3620202945
-105.389791714	30.8622873274
-104.900587472	30.572823682
-104.676737621	30.1727321279
-104.679484245	30
> Border Bin # 241, Level 1
-104.679484245	30
-104.680247196	29.9455252918
-104.453345541	29.59578851
-103.374990463	29.0235751888
-103.118028534	28.995803769
-102.976882582	29.1900511177
-102.862439918	29.2242313268
-102.882429236	29.3525597009
-102.670328832	29.7427328908
-102.384985122	29.7697413596
-102.306095979	29.8893720912
-102.07660029	29.798580911
-101.405050736	29.772793164
-101.301899748	29.5764095521
-101.222247654	29.6105897612
-101.218585489	29.5402456703
-100.668345159	29.1132982376
-100.624093996	28.9199664302
-100.325017166	28.5047684443
-100.279240101	28.2775616083
-100.071412222	28.1510643168
-100	28.0373846036
> Border Bin # 242, Level 1
-100	28.0373846036
-99.835507744	27.7752346075
-99.5049973297	27.5703059434
-99.4586099031	27.0469214923
-99.2680247196	26.8575570306
-99.0852216373	26.4005493248
-98.7994201572	26.3689631495
-98.7075608453	26.2652018006
-98.4446478981	26.2261387045
-98.1966887922	26.0585946441
-97.6481269551	26.0294499123
-97.4189364462	25.8435950256
-97.2625314717	25.9636835279
-97.1400015259	25.9664301518
