> Shore Bin # 131, Level 1
-130	53.8693827726
-129.315175097	53.3711757076
-129.234302281	53.4508278019
-129.307698177	53.6475165942
-129.03105211	53.7532616159
-129.085221637	53.8345922026
-128.973678187	53.7692835889
-129.01014725	53.8945601587
-128.933394369	53.7782864118
-128.686045624	53.9975585565
-128.713206683	53.8757915618
-128.479896239	53.813229572
-128.683604181	53.8541237507
-128.796673533	53.7848477913
-128.769817655	53.5474174105
-128.544594491	53.4273289082
-128.372472724	53.5074387732
-128.121309224	53.4914168002
-128.001068132	53.3398947127
-128.128175784	53.3333333333
-128.136263066	53.4482337682
-128.363469902	53.4784466316
-128.526436255	53.4074921798
-128.475013352	53.3257038224
-128.816357671	53.5683222705
-128.988632029	53.544975967
-128.925917449	53.4444190127
-128.841535058	53.4746318761
-128.853131914	53.2689402609
-128.658121614	53.1807431144
-128.68314641	53.2419317922
-128.581521324	53.128252079
-128.479896239	53.1464103151
-128.558175021	53.086442359
-128.430457008	53.0951400015
-128.553597314	53.0702677958
-128.504310674	52.9308003357
-128.412603952	52.9416342412
-128.502632181	52.9216449226
-128.437628748	52.8149843595
-128.243381399	52.7986572061
-128.135805295	52.9283588922
-128.03509575	52.9178301671
-128.1326009	52.7682917525
-127.831845579	52.7362478065
-128.117494469	52.7591363394
-128.199130236	52.4832532235
-128.41092546	52.2908369574
-128.282597086	52.264133669
-128.050049592	52.6520180056
-128.029297322	52.3199816892
-127.962767987	52.4776073854
-127.976501106	52.3132677195
-127.889677272	52.5009536889
-127.870145724	52.4957656214
-127.910887312	52.4434271763
-127.876401923	52.1962310216
-127.723353933	52.3581292439
-127.757076371	52.2691691463
-127.415121691	52.4065003433
-127.627679866	52.6065461204
-127.343099107	52.4173342489
-127.238422217	52.5786221103
-127.004043641	52.666208896
-127.244983597	52.5131609064
-127.215991455	52.3843747616
-127.008926528	52.3050278477
-127.178912032	52.3147936217
-127.472037842	52.1889066911
-127.374837873	52.1074235142
-127.612726024	52.0286869612
-127.461356527	52.1319905394
-127.607995727	52.1217669947
-127.67254139	51.9508659495
-127.885862516	51.9008163577
-127.899137865	51.8191805905
-127.859311818	51.6475165942
-127.682459754	51.6083009079
-127.785915923	51.6116578927
-127.802548257	51.5324635691
-127.650873579	51.5233081559
-127.678339818	51.4621194781
-127.459067674	51.6833752956
-127.660944533	51.7074845502
-127.457541772	51.6958876936
-127.363393606	51.8704509041
-127.454184787	51.6649118791
-127.245746548	51.6816968032
-127.509269856	51.6241702907
-127.567559319	51.4816510262
-127.245746548	51.4058136873
-127.551689937	51.4019989319
-127.465934234	51.4358739605
-127.573357748	51.4729533837
-127.782558938	51.3217364767
-127.377126726	51.397878996
-127.542534524	51.3208209354
-127.060959792	51.3516441596
-127.47005417	51.266193637
-127.582513161	51.2690928511
-127.375906004	51.2957961395
-127.600061036	51.3044937819
-127.772487984	51.2483405814
-127.785915923	51.1624322881
-127.508354314	51.095445182
-127.615930419	51.1450370031
-127.250019074	51.2112611582
-127.392843519	51.1801327535
-127.412527657	51.13588159
-126.910048066	51.1030746929
-127.557488365	51.1267261769
-127.197528038	51.09407187
-127.469138628	51.0908674754
-127.339894713	51.047379263
-126.793774319	51.081559472
-126.656595712	51.195849546
-126.781872282	51.0675211719
-127.318379492	51.0328831922
-127.503318837	51.0995651179
-127.530785077	51.0141145953
-127.028305486	50.8178835737
-126.895857176	50.8867017624
-127.190814069	50.9291218433
-126.901808194	50.8937209125
-126.788281071	50.997940032
-126.780041199	50.9353780423
-126.637521935	50.9333943694
-126.840924697	50.9117265583
-126.664988174	50.8662546731
-126.525825895	50.9968719005
-126.193331807	50.9478904402
-126.461738003	50.8737315938
-126.493324178	50.925459678
-126.585946441	50.8491645686
-126.180056458	50.8737315938
-126.193331807	50.7812619211
-126.019989319	50.8070496681
-126.183260853	50.6678873884
-125.709163043	50.7167162585
-125.536736095	50.9962615396
-125.730067903	50.6594949264
-126.299229419	50.6317235065
-126.196688792	50.5795376516
-125.940032044	50.6378271153
-126.284122988	50.5166704814
-126.093385214	50.4837109941
-125.936675059	50.5619897765
-126.057221332	50.4950026703
-125.963378347	50.4678416114
-125.725032425	50.5279621576
-125.819180591	50.4899671931
-125.699244678	50.4899671931
-125.706721599	50.4213015946
-125.471732662	50.7212939651
-125.5959411	50.4492256046
-125.416647593	50.4579232471
-125.366750591	50.5578698405
-125.312428473	50.4567025254
-125.258411536	50.5046158541
-125.227588312	50.4249637598
-125.117570764	50.4283207446
-124.904859998	50.61326009
-124.981612879	50.8113221942
-124.821545739	50.9291218433
-124.92011902	50.8024719615
-124.863355459	50.5934233616
-125.050888838	50.4812695506
-125.080949111	50.3241016251
-124.983443961	50.3775082017
-125.006637675	50.4463263905
-124.958419165	50.3323414969
-124.827954528	50.3076218814
-124.669871061	50.4322880903
-124.339818418	50.5067521172
-124.736705577	50.3263904784
-124.593423362	50.2424658579
-124.80857557	50.0767528801
-124.712443732	50.082246128
-124.68314641	50
> Shore Bin # 131, Level 1
-125.228351263	50
-125.389181353	50.1275654231
-125.445029374	50.3353933013
-126.868390936	50.52964065
-127.903410391	50.8744945449
-128.43228809	50.7855344472
-128.048371099	50.4423590448
-128.004577707	50.5387960632
-127.991760128	50.4663157092
-127.559166857	50.5542076753
-128.011291676	50.6530861372
-127.558251316	50.5687037461
-127.419241627	50.6057831693
-127.610894942	50.5258258946
-127.433279927	50.337987335
-127.58159762	50.4895094224
-127.939116503	50.4641794461
-127.977569238	50.3250171664
-127.722590982	50.2958724346
-127.864194705	50.289921416
-127.729304952	50.2407873655
-127.917601282	50.1141374838
-127.793392844	50.0804150454
-127.631647211	50.2087434195
-127.603418021	50.1071183337
-127.434958419	50.1870756085
-127.514152743	50.1216144045
-127.420920119	50.1374837873
-127.48424506	50.0924696727
-127.346608682	50.019531548
-127.309224079	50.1933318074
-127.210040436	50.0912489509
-127.094987411	50.1461814298
-127.195849546	50.0224307622
-127.077439536	50.0241092546
-127.152971695	50
> Shore Bin # 131, Level 1
-130	54.1908903639
-129.864957656	54.2354467079
-129.557488365	54.2207980468
-129.942626078	54.183260853
-129.816739147	54.0238040742
-129.957579919	54.1591515984
-130	54.1544213016
> Shore Bin # 131, Level 1
-123.992065309	50
-123.801937896	50.0949111162
-123.991760128	50.2090486
-123.851834897	50.1626611734
-123.745784695	50.0878919661
-123.945525292	50
> Shore Bin # 131, Level 1
-130	55.0081635767
-129.660791943	54.9782558938
-129.986724651	54.9153887236
-130	54.9402609293
> Shore Bin # 131, Level 1
-124.729076066	50
-124.84336614	50.0659189746
-124.80827039	50.0106813153
-124.793316548	50
> Shore Bin # 131, Level 1
-130	55.0597390707
-129.921568627	55.1207751583
-130	55.025101091
> Shore Bin # 131, Level 1
-130	55.896849012
-129.933165484	55.9487296864
-130	55.8847943847
> Shore Bin # 131, Level 1
-130	55.4650186923
-129.906767376	55.2883192187
-130	55.2129396506
> Shore Bin # 131, Level 1
-130	54.3149462119
-129.987487602	54.3041123064
-130	54.3134203098
> Shore Bin # 131, Level 1
-130	54.5018692302
-129.987487602	54.5108720531
-130	54.4998855573
> Shore Bin # 132, Level 2
-110	58.9559777218
-110.203097581	58.9036392767
-110.448310063	58.7388418402
-110.375219348	58.623025864
-110.775768673	58.6250095369
-110.841382467	58.4699778744
-110.83604181	58.6314183261
-110.947280079	58.6392004273
-111.072556649	58.4980544747
-111.075608453	58.6161593042
-111.280537118	58.6953536278
-111.284504463	58.6958113985
-111.273823148	58.7913328756
-111.132982376	58.7666132601
-111.157244221	58.6981002518
-110.826123445	58.8311589227
-110.553902495	59.1082627604
-110	59.2945754177
> Shore Bin # 133, Level 2
-103.292286564	56.2858014801
-103.182574197	56.4866102083
-103.307545586	56.4541084916
-103.322499428	56.5508506905
-103.23353933	56.5944914931
-103.149156939	56.5477988861
-103.103837644	56.8769359884
-103.112230106	56.4716563668
-102.961318379	56.5214007782
-102.753032731	56.7969787137
-102.873884184	56.5908293278
-102.670328832	56.6863508049
-102.702525368	56.7624933242
-102.554207675	56.7786678874
-102.568093385	57.0691996643
-102.774242771	57.0869001297
-102.667734798	57.2500190738
-102.821698329	57.3186846723
-102.984512093	57.2608529793
-102.934462501	57.448081178
-102.68970779	57.5344472419
-102.720836194	57.6838330663
-102.5647364	57.6758983749
-102.41138323	57.8483253223
-102.134737163	57.943541619
-102.086671244	58.0997940032
-101.950560769	58.1228351263
-102.064698253	57.9647516594
-101.96520943	57.9404898146
-101.771114672	58.154726482
-101.767757687	57.9464408331
-101.940794995	57.7894254978
-101.776455329	57.8164339666
-101.703669795	57.9325551232
-101.662012665	57.8841840238
-101.515068284	57.9249256123
-101.528648814	57.8394750896
-101.763942931	57.5967040513
-102.099488823	57.4908064393
-102.164492256	57.3458457313
-101.828336004	57.2953383688
-102.072175174	57.1880674449
-101.956359197	56.983291371
-102.430762188	56.7895017929
-102.226901656	56.7557793545
-102.432440681	56.69687953
-102.420233463	56.5958648051
-102.83634699	56.5024795911
-102.978866255	56.3497367819
-103.10811017	56.4414435035
-103.291981384	56.2822919051
-103.292286564	56.2858014801
> Shore Bin # 133, Level 2
-100	52.6317235065
-100.04867628	52.7980468452
-100.249942779	52.8979934386
-100.36270695	52.8102540627
-100.25803006	52.7597467002
-100.263065537	52.6024261845
-100.433051041	52.7493705653
-100.429236286	52.9716945144
-100.725566491	52.9713893339
-100.595254444	52.8810559243
-100.673685817	52.7513542382
-100.828107118	52.7344167239
-100.805523766	52.8197146563
-100.944380865	52.7814145113
-101.013351644	52.8661020829
-101.057297627	53.1377126726
-100.827496757	53.0727092393
-100.565499351	53.1772335393
-100.432440681	53.1488517586
-100.42526894	53.1454947738
-100	53.0307469291
> Shore Bin # 133, Level 2
-110	59.2945754177
-109.831692988	59.351186389
-109.506065461	59.604180972
-109.208056764	59.6160830091
-109.035019455	59.473868925
-108.810559243	59.5230029755
-108.935835813	59.3716334783
-108.161898222	59.4744792859
-107.215533684	59.3180743114
-106.015869383	59.2738231479
-106.684977493	59.2449835966
-107.747158007	59.338673991
-107.818265049	59.2010376135
-108.18142977	59.1508354314
-109.106736858	59.0797283894
-109.291676204	59.1383230335
-110	58.9559777218
> Shore Bin # 133, Level 2
-100	51.7230487526
-100.141145953	51.9089036393
-100.176699474	52.2775616083
-100	52.5293354696
> Shore Bin # 134, Level 1
-90	57.021591516
-90.8032349126	57.3232623789
-92.3620965896	56.955367361
-92.2018768597	57.0652323186
-92.4512092775	57.0450904097
-92.8119325551	56.9138628214
-92.5410849165	57.1058213169
-92.4281681544	57.3508812085
-93.1767757687	58.7370107576
-93.2294193942	58.7864499886
-93.4148165103	58.7165636683
-93.535210193	58.7812619211
-94.2015716793	58.7890440223
-94.2568093385	58.4060425727
-94.2081330587	58.8081177996
-94.4235904479	58.7035934997
-94.5966277562	58.9419394217
-94.8078126192	59.0663004501
-94.9689478904	59.0594338903
-94.7971313039	59.0795757992
-94.8035400931	59.2680247196
-94.6643778134	59.351186389
-94.8305485618	59.641107805
-94.740062562	59.7639429313
-94.8461127642	59.9676508736
-94.8302433814	60
> Shore Bin # 134, Level 2
-98.4353398947	53.0466163119
-99.0308995193	53.0428015564
-99.2513923857	53.1877622644
-99.2158388647	53.3299763485
-98.9083695735	53.8788433661
-98.3533989471	53.8553444724
-97.8841840238	53.7030594339
-98.3169298848	53.988860914
-98.011139086	54.4144350347
-97.9069199664	54.3503471427
-97.9868772412	54.310826276
-97.7964446479	54.3007553216
-98.1391622797	54.1861600671
-98.2269016556	54.0050354772
-98.0788891432	53.9224841688
-97.7315938048	54.0863660639
-97.7796597238	53.9932860304
-97.977721828	53.9606317235
-97.8324559396	53.6157778286
-97.327534905	53.0130464637
-97.4352635996	52.94773785
-97.0353246357	52.420233463
-97.0028229191	52.2594033722
-97.0881208515	52.2400244144
-96.823682002	51.9613946746
-96.8725108721	51.8736552987
-96.7022201877	51.8127718013
-96.7835507744	51.7549401083
-96.2580300603	51.2127870603
-96.4249637598	51.0841535058
-96.2955672541	50.619516289
-96.537270161	50.7278553445
-96.5577172503	50.4618905928
-96.6619363699	50.3974975204
-96.9152361334	50.4219119554
-96.9866483558	50.6944380865
-96.944228275	51.0461585412
-96.6063935302	51.3366903182
-96.7107652399	51.3719386587
-96.9858854047	51.1833371481
-96.7228198672	51.6063172351
-96.9040970474	51.7227435721
-97.0896467536	51.6621652552
-97.2591744869	51.4311436637
-97.2188906691	51.7947661555
-97.3325703822	52.0358587015
-97.5878538186	51.9218738079
-97.4869916838	52.1310749981
-97.7711146715	52.1225299458
-97.7640955215	51.8597695888
-98.0256351568	51.943541619
-98.1905851835	52.2883955138
-98.4150453956	52.3642328527
-98.8982986191	52.8505378805
-98.8633554589	52.9381246662
-98.524757763	52.9974822614
-98.4353398947	53.0466163119
> Shore Bin # 134, Level 2
-100	53.0307469291
-99.7349507897	52.9591821164
-99.795834287	52.859235523
-99.6580453193	52.9033340963
-99.7308308537	52.8155947204
-99.6346990158	52.5322346838
-99.8577859159	52.2699320974
-99.7389181353	52.0175478752
-99.8030060273	51.7444113832
-99.7199969482	51.7300679026
-99.6864271	51.8702983139
-99.6214236667	51.8239108873
-99.6061646448	51.6186770428
-99.7569237812	51.5730525673
-99.9464408331	51.6945143816
-99.965819791	52.0427252613
-99.9972533761	51.7193865873
-100	51.7230487526
> Shore Bin # 134, Level 2
-100	52.5293354696
-99.9789425498	52.5593957427
-100	52.6317235065
> Shore Bin # 135, Level 1
-80	51.2127870603
-80.3688105592	51.3348592355
-80.6288242924	51.2704661631
-80.4306095979	51.3884184024
-80.5685511559	51.7009231708
-81.0405127031	52.0399786374
-81.5889219501	52.2296482795
-81.4666971847	52.2363622492
-81.5954833295	52.2812237736
-81.5425345235	52.4408331426
-82.1145952544	52.8822766461
-82.3308155947	52.9437705043
-82.1115434501	53.2713817044
-82.2160677501	53.5890745403
-82.1255817502	53.8187228199
-82.4534981308	54.2011139086
-82.1985198749	54.804150454
-82.3265430686	55.1512932021
-82.3091477836	55.0527199207
-82.6803997864	55.1795223926
-82.8052185855	55.1276417182
-82.9622339208	55.2224002441
-83.3368429084	55.1981383993
-83.6931410697	55.2671091783
-83.6342412451	55.2126344701
-83.8890669108	55.2947280079
-85.2085145342	55.235523003
-85.1259632258	55.3321126116
-85.9020370794	55.6545357443
-86.9065384909	55.9153124285
-87.3615625238	55.9453727016
-87.5280384527	56.0593575952
-87.6092164492	56.0131227588
-87.9687190051	56.4580758373
-88.6523231861	56.6913862821
-88.8232242313	56.8386358434
-89.9412527657	56.9994659342
-90	57.021591516
> Shore Bin # 136, Level 1
-77.2877088579	60
-77.465476463	59.9157701991
-77.2806897078	59.7976653696
-77.568627451	59.7550926986
-77.4775310903	59.639734493
-77.8115510796	59.7079423209
-77.6998550393	59.5405508507
-77.8970016022	59.5066758221
-77.839017319	59.4363317311
-77.9482719158	59.4047455558
-77.6401922637	59.3722438392
-77.8431372549	59.3640039673
-77.7854581521	59.3032730602
-78.0231937133	59.2483405814
-77.9295033188	59.218127718
-78.152590219	59.1996643015
-78.1011673152	59.1139085985
-78.2442969406	59.1076523995
-78.3260852979	58.9272907607
-78.4834058137	58.9015030137
-78.5366598001	58.7762264439
-78.4261844816	58.7383840696
-78.5862516213	58.7751583124
-78.4962233921	58.6491187915
-78.6005951019	58.6775005722
-78.3685053788	58.531013962
-78.4756237125	58.636911574
-78.3387502861	58.6256198978
-78.0715648127	58.3813229572
-77.5368886854	58.239719234
-77.5288014038	58.1597619593
-77.2187380789	58.0218204013
-77.002059968	58.0210574502
-77.2018005646	58.0004577707
-76.8087281605	57.649500267
-76.5774013886	57.1885252155
-76.5253681239	56.3756771191
-76.6712443732	56.1936369879
-76.5928130007	56.1588464179
-77.1973754482	55.6675059129
-77.0795757992	55.7207598993
-77.1172655833	55.6672007324
-77.7842374304	55.2693980316
-77.6314946212	55.2782482643
-79.7613488975	54.6343175402
-79.5049973297	54.5889982452
-79.5919737545	54.5523765927
-79.448081178	54.4100099184
-79.5127794308	54.3643854429
-79.3447775998	54.3169298848
-79.4808880751	54.2935835813
-79.2797741665	54.2380407416
-79.3945220111	54.1768520638
-79.0319676509	54.1696803235
-79.0569924468	54.0852979324
-79.1779964904	54.0843823911
-78.9628442817	54.0077821012
-79.1523613336	53.9475089647
-78.9939726864	53.9272144656
-79.0821698329	53.8626688029
-78.9080643931	53.8193331807
-79.078049897	53.7933928435
-78.9796292058	53.7004654002
-79.0876630808	53.7068741894
-78.9965667201	53.6745250629
-79.0673685817	53.5886167697
-78.8828870069	53.5556572824
-79.1354238193	53.5005722133
-78.9346150912	53.3963530938
-78.98954757	53.0185397116
-78.7760738537	52.9674219883
-78.8778515297	52.8778515297
-78.7002365148	52.8773937591
-78.7925535973	52.8152895399
-78.7052719921	52.7702754253
-78.8709849699	52.7406729229
-78.7119859617	52.6776531624
-78.812542916	52.6395056077
-78.6775005722	52.5955596246
-78.7653925383	52.5561913481
-78.500343328	52.4888990616
-78.54352636	52.3712520027
-78.4614328222	52.3657587549
-78.5796902419	52.2536049439
-78.4060425727	52.2330052644
-78.5590905623	52.2327000839
-78.6569008927	51.988860914
-78.8822766461	51.9278248264
-78.8404669261	51.835507744
-79.0457007706	51.7630273899
-78.7739375906	51.5986877241
-78.8282597086	51.5095750362
-78.6895551995	51.4926375219
-78.8944838636	51.39375906
-78.8595407034	51.1725032425
-78.9814602884	51.4618142977
-79.2645151446	51.5220874342
-79.2236209659	51.6435492485
-79.3113603418	51.6638437476
-79.5399404898	51.5516899367
-79.4900434882	51.4677653162
-79.7349507897	51.3701075761
-79.6466010529	51.2520027466
-79.7578393225	51.1325246052
-80	51.2127870603
> Shore Bin # 136, Level 1
-70	58.7418936446
-70.0170901045	58.7342641337
-70.2555886168	58.7772945754
-70	58.8101014725
> Shore Bin # 136, Level 1
-70	59.9687190051
-70.5653467613	59.9729915312
-70.6799420157	60
> Shore Bin # 137, Level 1
-60	55.1927977417
-60.3550774395	54.9645227741
-60.033417258	55.266193637
-60.3001449607	55.1103990234
-60.1359578851	55.2700083925
-60.2517738613	55.2736705577
-60.6958113985	54.9866483558
-60.344243534	55.2317082475
-60.620889601	55.1549553674
-60.3875791562	55.2899977111
-60.3524834058	55.4190890364
-60.1892118715	55.4317540246
-60.3399710079	55.4944686046
-60.5159075303	55.3374532692
-60.305943389	55.5774776837
-60.4567025254	55.4970626383
-60.395819028	55.6092164492
-60.5308613718	55.5950255589
-60.3225757229	55.7775234607
-60.4942397192	55.8040741588
-60.6700236515	55.5487907225
-60.5949492638	55.8120088502
-60.9533836881	55.7262531472
-60.7258716716	55.8358129244
-61.2018005646	55.8644998856
-61.0708781567	55.8875410086
-61.1433585107	55.9787899596
-61.4132906081	55.9578850996
-61.5252918288	55.9851987488
-61.7532616159	55.9645990692
-61.2875562676	56.0241092546
-61.2983901732	56.1245136187
-61.4924849317	56.0666819257
-61.3559166857	56.1202410925
-61.4358739605	56.1483176928
-61.3208209354	56.2241550317
-61.6951247425	56.2253757534
-61.7634851606	56.1612878614
-61.7767605097	56.2253757534
-62.0267032883	56.2262912947
-62.1000991836	56.2937361715
-61.5808346685	56.2824444953
-61.9243152514	56.3440909438
-61.7724879835	56.3900205997
-61.9200427253	56.4379339284
-62.2243076219	56.4716563668
-61.9316395819	56.4562447547
-62.1258869306	56.4783703365
-61.650873579	56.5392538338
-62.2833600366	56.6211947814
-61.9024948501	56.61326009
-62.5392538338	56.7557793545
-61.6716258488	56.6187533379
-61.8309300374	56.7075608453
-61.7141985199	56.6999313344
-61.7450217441	56.7521171893
-61.9157701991	56.7008468757
-61.9342336156	56.8058289464
-61.6949721523	56.7953002213
-61.5434500649	56.9671168078
-61.3475242237	56.9517051957
-61.3624780652	57.1000228885
-61.485008011	57.1662470436
-61.7315938048	57.1561760891
-61.6400396735	57.2370489052
-61.7999542229	57.1529716945
-61.9859616999	57.2108033875
-62.0392156863	57.2642099641
-61.8641947051	57.2899977111
-61.9325551232	57.3624780652
-61.8059052415	57.374227512
-61.9583428702	57.4303807126
-62.3666742962	57.4221408408
-62.5325398642	57.4891279469
-62.361638819	57.4479285878
-62.2867170214	57.5353627832
-61.8924238956	57.6325627527
-62.1625085832	57.8300144961
-62.1016250858	57.8704509041
-62.1242084382	57.8091096361
-61.9450675212	57.7821011673
-61.944914931	57.9162279698
-62.0917067216	57.8670939193
-62.1367208362	57.9778744182
-62.3584344244	57.8945601587
-62.3382925154	57.9771114672
-62.4283207446	57.8596169986
-62.4600595102	57.9711604486
-62.6791790646	57.9291981384
-62.3208972305	58.0216678111
-62.378423743	58.1071183337
-62.5241474022	58.0907911803
-62.4499885557	58.1728847181
-62.5450522622	58.1120012207
-62.5717555505	58.1678492409
-62.9533836881	58.1237506676
-63.1332875563	57.9987792782
-63.3559166857	57.9691767758
-63.1573968109	58.0149538415
-63.234149691	58.0558480201
-63.0516517891	58.1570153353
-62.6074616617	58.1907377737
-62.65506981	58.2670328832
-62.9208819715	58.1998931868
-62.6092927443	58.3115892271
-62.7058823529	58.4049744411
-62.5575646601	58.4798962387
-62.7949950408	58.4512092775
-62.8067444877	58.5012588693
-63.170061799	58.3620965896
-63.0942244602	58.4608224613
-63.2817578393	58.4654001678
-63.6075379568	58.2915999084
-63.3357747768	58.4625009537
-63.5559624628	58.4641794461
-63.4642557412	58.5474937057
-63.1667048142	58.5062943465
-62.8525215534	58.7008468757
-63.089188983	58.6640726329
-62.8992141604	58.7841611353
-63.0232700084	58.8963149462
-63.1750972763	58.7637140459
-63.1457999542	58.876630808
-63.3492027161	58.8650339513
-63.1392385748	58.9274433509
-63.1750972763	58.9887846189
-63.3015945678	58.9370565347
-63.2176699474	59.0066376745
-63.3542381933	59.0266269932
-63.1383230335	59.0545510033
-63.8466468299	59.048752575
-63.8800640879	58.9520103761
-63.9049362936	59.0603494316
-64.0509651331	59.0191500725
-63.9166857404	59.0862897688
-63.5883115892	59.0612649729
-63.3575951781	59.1975280385
-63.4642557412	59.1783016709
-63.391622797	59.2820630198
-63.6325627527	59.2133974212
-63.5350576028	59.3420309758
-63.6450751507	59.3612573434
-63.8051422904	59.2387273976
-63.7026016632	59.3691920348
-64.0625619898	59.3815518425
-63.8200961318	59.4036774243
-63.7225909819	59.5141527428
-63.9822995346	59.6089112688
-64.1258869306	59.5216296635
-63.9125658045	59.6691844053
-64.2583352407	59.7434958419
-64.1321431296	59.7273212787
-63.9441519799	59.7566186007
-64.0943007553	59.7924773022
-64.0617990387	59.87457084
-64.1724269474	59.7883573663
-64.1275654231	59.9058518349
-64.3009079118	59.9417105364
-64.2226291295	60
> Shore Bin # 137, Level 1
-65.0974288548	60
-65.0017547875	59.8965438315
-65.1438162814	59.9645990692
-65.2315556573	59.9215686275
-65.1219958801	59.8635843442
-65.2744335088	59.8776226444
-65.1340505074	59.7799649042
-65.3215838865	59.864805066
-65.5367360952	59.745632105
-65.3907072557	59.5002670329
-65.013962005	59.3835355154
-65.298237583	59.4647135119
-65.391622797	59.4914168002
-65.2576485847	59.4018463416
-65.5144579232	59.4824139773
-65.3099870298	59.2446784161
-65.5507743954	59.3865873198
-65.4702067597	59.1409170672
-65.5835812924	59.2602426184
-65.5587090867	59.149156939
-65.7476157778	59.2704661631
-65.6400396735	59.0742351415
-65.5469596399	59.1190966659
-65.3154802777	59.0457007706
-65.5931944762	59.0579079881
-65.3635461967	58.9225604639
-65.7703517205	59.0464637217
-65.6646066987	58.9358358129
-65.8576333257	58.9906157015
-65.9989318685	58.9057755398
-65.7120622568	58.8036926833
-65.8071259632	58.8238345922
-65.8281834134	58.7843137255
-65.9945067521	58.8656443122
-66.0863660639	58.8183413443
-65.818112459	58.5725185016
-65.8950179294	58.5934233616
-66.0715648127	58.3573662928
-65.9710078584	58.2726787213
-66.0950637064	58.3617914092
-65.9264515145	58.6228732738
-66.3768978408	58.8548104067
-66.623025864	58.4792858778
-66.8085755703	58.4963759823
-66.8554207675	58.4197756924
-66.9387350271	58.5122453651
-67.0904097047	58.3329518578
-67.1808957046	58.3996337835
-67.4003204395	58.2604715038
-67.4599832151	58.296177615
-67.6746776532	58.0151064317
-67.760280766	58.4713511864
-67.8519874876	58.2305638209
-68.1081864652	58.0823987182
-67.8455786984	58.3083848325
-68.0076295109	58.5848783093
-68.1788357366	58.4876783398
-68.3120469978	58.0909437705
-68.6848249027	58.0025940337
-68.3364614328	58.1188677806
-68.2166781109	58.3845273518
-68.3485160601	58.7815671015
-68.6338597696	58.9109636072
-69.2544441901	58.9037918669
-69.6121156634	58.7673762112
-69.8129243915	58.5827420462
-69.7802700847	58.7101548791
-69.9301136797	58.6897077897
-69.9073777371	58.7833981842
-70	58.7418936446
> Shore Bin # 137, Level 1
-66.9271381704	50
-66.7357900359	50.0408941787
-66.6382848859	50.1879911498
-66.4525825895	50.1249713893
-66.5426108186	50.2099641413
-66.4567025254	50.2679484245
-66.3666742962	50.1844815747
-66.1150530251	50.1837186236
-65.9650568399	50.2845807584
-64.8749523156	50.2604715038
-64.4567025254	50.3204394598
-64.1617456321	50.2554360266
-63.7967498283	50.3070115206
-63.400015259	50.2020294499
-62.7684443427	50.3129625391
-61.901731899	50.2279697871
-61.808346685	50.1278706035
-61.5925841154	50.1766994736
-61.8059052415	50.1066605631
-61.7366292821	50.0854505226
-61.3266193637	50.1887541009
-61.0617227436	50.1754787518
-61.0133516442	50.244602121
-60.9076066224	50.2407873655
-60.9449912261	50.1820401312
-60.833447776	50.2479591058
-60.8734264134	50.1962310216
-60.6100556954	50.1945525292
-60.1834134432	50.282902266
-60.1882963302	50.1913481346
-60	50.2389562829
> Shore Bin # 137, Level 1
-70	58.8101014725
-69.8799114977	58.8256656748
-69.8912031739	58.8821240558
-69.7889677272	58.8276493477
-69.8463416495	59.0598916609
-69.6882581827	58.8953994049
-69.6577401389	58.9420920119
-69.6810864424	58.8081177996
-69.5460440986	58.8091859312
-69.4377050431	58.9047074083
-69.4938582437	59.0786602579
-69.4380102235	59.021591516
-69.3455405509	59.0945296407
-69.5388723583	59.1525139239
-69.4415197986	59.2275883116
-69.234149691	59.2228580148
-69.2379644465	59.3229571984
-69.7611963073	59.3215838865
-69.6203555352	59.3905546654
-69.7412069886	59.5124742504
-69.4987411307	59.6678110933
-69.6787975891	59.6853589685
-69.5413138018	59.8715190356
-69.7627222095	59.9105821317
-69.7175555047	59.966582742
-70	59.9687190051
> Shore Bin # 137, Level 1
-60	53.3945220111
-60.2749675746	53.2738231479
-60.7725642786	53.2457465476
-60.2917524987	53.2904554818
-60.1908903639	53.3633936065
-60.4174868391	53.3699549859
-60.140077821	53.4653238727
-60.0291447318	53.4375524529
-60.1509117266	53.5233081559
-60.0175478752	53.7125200275
-60.1217669947	53.763790341
-60	53.7740138857
> Shore Bin # 137, Level 1
-64.236209659	60
-64.4867627985	59.8928816663
-64.3942931258	59.9807736324
-64.5131609064	60
> Shore Bin # 137, Level 1
-69.9890135042	60
-69.7784390021	59.9890135042
-69.7840848402	60
> Shore Bin # 137, Level 2
-64.4333562219	54.7747005417
-64.2475013352	54.6352330816
-64.3717097734	54.4943923095
-63.9211108568	54.2452124819
-63.7842374304	54.0747692073
-63.5602349889	54.046692607
-63.7453269245	54.1150530251
-63.3377584497	54.0758373388
-63.2429999237	54.1194781415
-63.4021515221	54.1503013657
-63.1725032425	54.1383993286
-63.0678263523	54.1168841077
-63.2642099641	54.073853666
-63.0675211719	53.9946593423
-63.2483405814	53.9505607691
-63.5291065843	54.0050354772
-63.2013427939	54.0375371939
-63.6739147021	54.0308232242
-63.3556115053	53.9127183948
-64.0950637064	53.8374914168
-64.1510643168	54.0236514839
-64.683604181	54.1103227283
-64.588845655	54.0250247959
-64.7388418402	53.9140917067
-65.1216906996	53.8832684825
-65.0447852293	53.7792019532
-65.2730601968	53.8377965972
-65.2225528344	53.7872892348
-65.3350118257	53.7488364996
-65.1577019913	53.6871900511
-65.2196536202	53.612573434
-65.0757610437	53.510795758
-65.2300297551	53.5967040513
-65.2863355459	53.4914168002
-64.9703212024	53.4254978256
-65.4219882506	53.4549477379
-65.6049439231	53.5629816129
-65.3844510567	53.5246814679
-65.4341954681	53.5927367056
-65.2977798123	53.5947203784
-65.4636453803	53.7410543984
-65.3147173266	53.675288014
-65.4180209049	53.7730983444
-65.2977798123	53.7779812314
-65.3119707027	53.9005111772
-65.5194934005	53.9400320439
-65.577019913	53.9929808499
-65.4697489891	53.9475089647
-65.4325169757	53.9694819562
-65.676661326	54.1260395209
-65.7721828031	54.0889600977
-66.479438468	54.5955596246
-66.1766994736	54.3427176318
-66.4814221408	54.3566033417
-66.32059205	54.2697795071
-66.4621957733	54.2885481041
-66.3047226673	54.1100175479
-66.4719615473	54.2230869001
-66.5947966735	54.4242008087
-66.4580758373	54.4116884108
-66.6266880293	54.5281147478
-66.4939345388	54.5044632639
-66.7025253681	54.6022735943
-66.5450522622	54.5491721981
-66.6616311894	54.6164644846
-66.4827954528	54.6358434424
-66.5186541543	54.8068970779
-66.3294422827	54.7397573816
-66.6138704509	54.9025711452
-66.6730754559	54.9788662547
-66.5305561913	54.9625391012
-66.6533913176	55.055771725
-66.4214541848	54.9716945144
-66.5397116045	55.123369192
-66.2931258106	54.9663538567
-66.4136720836	54.9514000153
-66.3405813687	54.8769359884
-66.4431219959	54.9127946899
-66.3842221714	54.8007934691
-66.553292134	54.8958571756
-66.3074692912	54.7319752804
-66.4280155642	54.7283131151
-66.3889524681	54.6500343328
-66.1152056153	54.4879835203
-66.4541084916	54.6419470512
-66.3961242084	54.5830472267
-65.3603418021	53.9668879225
-65.41466392	54.0430304417
-65.151903563	53.953307393
-65.0432593271	54.0236514839
-65.2622262913	54.1188677806
-64.7299916075	54.0294499123
-64.9933623255	54.1585412375
-65.1244373236	54.452277409
-65.3119707027	54.4591439689
-65.2629892424	54.6572060731
-65.1277943084	54.6594949264
-65.2330815595	54.5333028153
-65.0855268177	54.4834058137
-64.8870069429	54.1358052949
-64.6308079652	54.1158159762
-64.6361486229	54.1861600671
-64.4716563668	54.1554894331
-64.5044632639	54.2146944381
-64.3067063401	54.1402304112
-64.1615930419	54.1675440604
-64.3155565728	54.2980086976
-64.5061417563	54.2441443503
-64.3395132372	54.623025864
-64.4333562219	54.7747005417
> Shore Bin # 167, Level 1
-123.945525292	50
-123.97207599	49.9884031434
-123.867093919	49.9200427253
-123.947203784	49.7741664759
-123.835812924	49.6862745098
-123.717860685	49.7857633326
-123.805905241	49.6244754711
-123.52635996	49.7041275654
-123.790493629	49.6032654307
-123.75585565	49.4811932555
-123.897764553	49.7222858015
-124.013427939	49.755397879
-124.073701076	49.6400396735
-123.969634546	49.5124742504
-123.520103761	49.385366598
-123.491721981	49.5187304494
-123.17082475	49.6928358892
-123.29625391	49.3699549859
-123.0312047	49.3008316167
-123.265430686	49.2692454414
-123.152971695	49.2108033875
-123.268787671	49.2057679103
-123.153734646	49.179064622
-123.196612497	49.1279468986
-123.075455863	49.11497673
-123.187151904	49.1091783017
-123.161364157	49.0174715801
-123.026016632	48.9745937285
-123.044174868	49.048752575
-122.863355459	49.087815671
-122.674296178	48.7312123293
-122.491493095	48.7524223697
-122.428015564	48.5949492638
-122.562142367	48.5824368658
-122.47379263	48.45990692
-122.704661631	48.4924086366
-122.382238499	48.3149462119
-122.395971618	48.2478065156
-122.534676127	48.2473487449
-122.511482414	48.1324483101
-122.358434424	48.0570687419
-122.478828107	48.1774624247
-122.381780728	48.2319371328
-122.345464256	48.0990310521
-122.179598688	48.0140383001
-122.311284047	47.9458304723
-122.410467689	47.6775768673
-122.272983902	47.6484321355
-122.249179828	47.7549401083
-122.200961318	47.5066758221
-122.220950637	47.5066758221
-122.276340887	47.6435492485
-122.437628748	47.6629282063
-122.339665827	47.6000610361
-122.422064546	47.5757991913
-122.326237888	47.3482871748
-122.433356222	47.2561226825
-122.547493706	47.3196002136
-122.690928511	47.0875104906
-122.813611048	47.1796749828
-122.823987182	47.0972762646
-122.898298619	47.1467154955
-122.907759213	47.0464637217
-122.925154498	47.1493095293
-123.014724956	47.0673685817
-122.937514305	47.1889829862
-123.084916457	47.0972762646
-122.938124666	47.199969482
-123.09437705	47.2124818799
-123.016708629	47.2619211109
-123.069352255	47.2153810941
-122.933394369	47.2062256809
-122.826733806	47.4053559167
-122.768902113	47.1683833066
-122.626688029	47.4094758526
-122.695506218	47.2860303655
-122.59205005	47.2567330434
-122.4945449	47.5117112993
-122.551766232	47.5904478523
-122.693827726	47.5291065843
-122.622110323	47.570763714
-122.692454414	47.6487373159
-122.592965591	47.5933470665
-122.654612039	47.7441062028
-122.590066377	47.6903944457
-122.470435645	47.7566186007
-122.61341268	47.9420157168
-122.567177844	47.8233005264
-122.610818647	47.8579385061
-122.751812009	47.6711680781
-122.965133135	47.5861753262
-123.12184329	47.3907072557
-122.842298009	47.4337376974
-123.158617533	47.3534752422
-122.859235523	47.8271152819
-122.812542916	47.6812390326
-122.610513466	47.8875410086
-122.80140383	48.0857557031
-122.756847486	48.1452658885
-122.886396582	48.1057450217
-122.886701762	47.9913023575
-122.917677577	48.0961318379
-123.040970474	48.0819409476
-123.006027314	48.0245670253
-123.18471046	48.1481651026
-123.24757763	48.1161211566
-123.981841764	48.1654077974
-124.731212329	48.3816281376
-124.679026474	47.9655146105
-124.42526894	47.7361715114
-124.173800259	46.9272907607
-124.120698863	47.041123064
-123.806210422	46.9716945144
-124.043945983	46.8570992599
-124.138399329	46.9054703593
-124.092011902	46.7277027543
-123.887541009	46.7504386969
-123.81872282	46.6907759213
-123.961242084	46.6375219348
-123.886320287	46.4324406806
-123.952544442	46.3695735103
-124.066834516	46.6363012131
-124.088349737	46.2706950484
-123.993438621	46.3129625391
-123.875791562	46.2412451362
-123.706721599	46.3120469978
-123.431296254	46.2441443503
-123.868314641	46.1904325933
-123.816586557	46.1504539559
-124.023346304	46.22995346
-123.918822004	46.0149538415
-123.993591211	45.9476615549
-123.93728542	45.65850309
-123.893797208	45.7068741894
-123.95849546	45.5712214847
-123.865110246	45.4985885405
-123.975890745	45.4891279469
-124.081330587	44.6775005722
-124.003814755	44.6199740597
-124.085450523	44.4974441138
-124.026245518	44.4374761578
-124.333714809	43.374227512
-124.198062104	43.4680704967
-124.175326162	43.3833829252
-124.241092546	43.4259555962
-124.386816205	43.3307392996
-124.568398566	42.8390936141
-124.402685588	42.6253147173
-124.413977264	42.252231632
-124.209964141	41.9978637369
-124.255741207	41.7706569009
-124.149233234	41.7230487526
-124.064087892	41.4447241932
-124.138094148	40.92683299
-124.412451362	40.4415960937
-124.364843214	40.2603189136
-124.054779889	40
> Shore Bin # 167, Level 1
-127.152971695	50
-127.261921111	49.9652094301
-127.170366979	49.8692301823
-126.997940032	49.8510719463
-127.049057755	49.9415579461
-126.941939422	49.859922179
-126.942854963	49.9867246509
-126.911421378	49.8681620508
-126.802319371	49.9064621958
-126.852368963	49.9708552682
-126.753948272	49.8724345769
-126.651560235	49.8982223239
-126.590829328	49.694056611
-126.441138323	49.7927824826
-126.499427787	49.6852063783
-126.233005264	49.6502632181
-126.568398566	49.5799191272
-126.546730755	49.3821622034
-126.405279622	49.4741741054
-126.259555962	49.3479819944
-126.295872435	49.5117112993
-126.217135882	49.4007782101
-126.03479057	49.4551003281
-126.027008469	49.3215838865
-125.897459373	49.419546807
-126.033569848	49.283588922
-125.971618219	49.2271305409
-125.767452506	49.367971313
-125.787441825	49.1395437552
-125.598687724	49.2066834516
-125.730830854	49.0762188144
-125.913786526	49.1400015259
-125.67223621	49.0000762951
-125.67254139	48.9996185245
-125.483329519	48.9179827573
-125.360952163	49.0453955901
-125.221942473	49.0405127031
-125.322194247	49.0124361028
-125.21263447	48.9437705043
-125.197528038	49.0995651179
-125.186694133	48.9904631113
-124.914168002	48.9845120928
-124.826733806	49.2553597314
-124.85709926	49.0049591821
-125.218738079	48.7891966125
-125.118333715	48.7928587778
-125.101701381	48.7203784237
-124.610055695	48.5645838102
-124.412451362	48.5761806668
-124.448462654	48.5253681239
-123.921721218	48.3770504311
-123.652552071	48.3936827649
-123.654230564	48.3128099489
-123.54009308	48.3195239185
-123.455863279	48.4570077058
-123.350118257	48.4028381781
-123.265583276	48.4524299992
-123.438467994	48.6994735637
-123.548027771	48.5099565118
-123.534752422	48.6948958572
-123.645532921	48.7473868925
-123.570458534	48.7440299077
-123.588006409	48.8424505989
-123.857938506	49.021591516
-123.758144503	48.9874113069
-123.771725032	49.1287098497
-124.790112154	49.4621194781
-124.979629206	49.6824597543
-124.859540703	49.7074845502
-125.228351263	50
> Shore Bin # 167, Level 1
-124.793316548	50
-124.518348974	49.8028534371
-124.265812161	49.7421225299
-124.077515831	49.8004119936
-124.036011292	49.933775845
-123.999237049	49.8112458991
-123.919584955	49.8266575113
-124.008850233	49.991607538
-123.992065309	50
> Shore Bin # 167, Level 1
-124.68314641	50
-124.671244373	49.966582742
-124.729076066	50
> Shore Bin # 170, Level 2
-90	46.7490653849
-90.4478522927	46.5683985657
-90.754711223	46.7016098268
-90.9503318837	46.6019684138
-90.7591363394	46.8963149462
-90.8619821469	46.9666590372
-91.774929427	46.7083237964
-92.0115968566	46.6971847105
-92.1100175479	46.7685969329
-90.7872129397	47.6133363851
-90	47.8693827726
> Shore Bin # 171, Level 2
-80	44.6565957122
-80.0897230488	44.4679942016
-80.5844205386	44.6121919585
-80.6500343328	44.7261768521
-80.9341573205	44.5932707713
-80.8928053712	44.7911802853
-81.1328297856	44.7580682078
-80.9486533913	44.9636072328
-81.1502250706	44.9114213779
-81.1102464332	44.960250248
-81.253681239	45.0016021973
-81.3255512322	45.1575494011
-81.283588922	45.2491035325
-81.6952773327	45.2646677348
-81.3496604868	44.9730678264
-81.2658884565	44.6233310445
-81.7450217441	44.0839246204
-81.745632105	43.3458457313
-82.175631342	43.0716411078
-82.415350576	43.015335317
-82.6303501946	43.7904936294
-82.7927061875	44.0205996796
-82.9524681468	44.0669871061
-83.3969634546	43.9214160372
-83.338673991	43.8944075685
-83.4731059739	43.7163347829
-83.6719310292	43.6017395285
-83.9464408331	43.7300679026
-83.85366598	43.991607538
-83.594415198	44.0561532006
-83.5385671778	44.2552834363
-83.3333333333	44.3355458915
-83.3038834211	44.8241397726
-83.460593576	45.0061799039
-83.4122224765	45.0743877317
-83.2672617685	45.0374608988
-83.388876173	45.2811474784
-84.1086442359	45.5083543145
-84.3208972305	45.6716258488
-84.4753185321	45.6644541085
-84.7624933242	45.8039215686
-84.9903105211	45.7734035248
-84.9419394217	45.724727245
-85.1058213169	45.5283436332
-84.912184329	45.4114595254
-85.3858243687	45.2677195392
-85.3952849622	44.9936675059
-85.5283436332	44.7716487373
-85.4949263752	44.9971770809
-85.613946746	44.7821774624
-85.655756466	44.8561837186
-85.556115053	45.2175173571
-85.8277256428	44.9535362783
-86.0750743877	44.9130998703
-86.0917067216	44.7475394827
-86.2650492103	44.7005416953
-86.2674906538	44.3653009842
-86.524757763	44.0721751736
-86.4303044175	43.8091096361
-86.5464255741	43.6417181659
-86.3527885863	43.2503242542
-86.2519264515	43.2663462272
-86.3294422827	43.2252994583
-86.2342259861	43.0049591821
-86.2291905089	42.9997711147
-86.2711528191	42.4597543297
-86.6202792401	41.9122606241
-86.9893949798	41.6916151675
-87.3977264057	41.6372930495
-87.5689326314	41.7718776226
-87.8175020981	42.2407873655
-87.7650110628	42.7864499886
-87.9096665904	43.2338445106
-87.7068741894	43.6772716869
-87.7270160983	43.9180590524
-87.5056076905	44.1844815747
-87.5507743954	44.3256275273
-87.3269245441	44.781872282
-87.4436560616	44.8891432059
-87.5936522469	44.8511482414
-87.9447623407	44.5380331121
-88.045319295	44.576333257
-87.9894712749	44.7168688487
-87.835507744	44.942854963
-87.6380560006	44.9971770809
-87.6018921187	45.163042649
-86.9788662547	45.9200427253
-86.9738307774	45.6841382467
-86.7702754253	45.8706034943
-86.5502403296	45.890592813
-86.5636682689	45.7785915923
-86.7138170443	45.6847486076
-86.6236362249	45.6049439231
-86.2796978714	45.9400320439
-85.6736095216	45.974212253
-85.528953994	46.1013199054
-85.0150301366	46.0210574502
-84.7525749599	45.8507667659
-84.6433203632	46.0561532006
-84.5281147478	45.9807736324
-83.9035629816	45.9697871366
-84.0288395514	46.1425192645
-84.261997406	46.2081330587
-84.1786831464	46.2566567483
-84.3230334936	46.4980544747
-84.5619897765	46.4197756924
-84.6538490883	46.4943923095
-85.0244907301	46.4916456855
-84.9564354925	46.7852292668
-85.5008773938	46.683604181
-86.144960708	46.6855878538
-86.6472877089	46.4307621881
-87.0127412833	46.5488670176
-87.3496604868	46.5116350042
-87.6058594644	46.8007934691
-87.816739147	46.9040970474
-88.0811779965	46.9291218433
-88.2949568933	46.8302433814
-88.1622034028	46.9707789731
-88.4835584039	46.7649347677
-88.4435797665	46.9897001602
-88.6489662013	47.2344548714
-89.3231097887	46.8830395972
-89.8025482567	46.8288700694
-90	46.7490653849
> Shore Bin # 171, Level 2
-90	47.8693827726
-89.4616617075	48.0444037537
-89.2639047837	48.2038605325
-89.1386282139	48.4844739452
-88.7594415198	48.5806057832
-88.9385824369	48.3144884413
-88.746318761	48.3660639353
-88.4803540093	48.8545052262
-88.3138780804	48.7605096513
-88.5563439384	48.5461203937
-88.5597009232	48.4303044175
-88.4303044175	48.5735866331
-88.3125047684	48.5816739147
-88.3324940871	48.6572060731
-88.2044708934	48.6066987106
-88.105897612	48.7933165484
-88.2539101244	48.8722056916
-88.2569619287	48.9974822614
-88.035553521	49.0222018769
-87.2896925307	48.7675288014
-86.4347295338	48.7772945754
-86.1313801785	48.2413977264
-85.8602273594	47.985351339
-85.557488365	47.9255359731
-84.8485542077	47.9528496223
-85.027847715	47.6113527123
-84.5789272908	47.2889295796
-84.7808041505	46.986037995
-84.3511100938	46.8827344167
-84.5441367208	46.825055314
-84.5482566567	46.6994735637
-84.4658579385	46.7583733883
-84.4219119554	46.6961165789
-84.590218967	46.5658045319
-84.5172808423	46.4821850919
-84.1730373083	46.5525291829
-84.0750743877	46.5035477226
-84.0497444114	46.3260852979
-83.0479896239	46.177004654
-82.3222705425	46.1902800031
-82.1350423438	46.1168841077
-81.7145037003	46.1042191196
-81.7610437171	46.0131227588
-81.6214236667	46.1229877165
-81.5432974746	46.0599679561
-81.7013809415	46.0141908904
-81.5039291981	46.0416571298
-81.6702525368	45.9464408331
-81.4908064393	46.0205996796
-81.2506294347	45.9574273289
-81.1613641566	46.0158693828
-81.1552605478	45.9258411536
-80.8068970779	45.9508659495
-80.5014114595	45.5693904021
-80.4002441444	45.6066224155
-80.3500419623	45.3827725643
-80.3358510719	45.43556878
-80.2333104448	45.3411154345
-80.0595101854	45.3827725643
-80.1293965057	45.2375066758
-80	45.1555657282
> Shore Bin # 171, Level 2
-80	42.1838712139
-80.2932784009	42.0514229038
-81.3478294041	41.7270160983
-81.7244220645	41.4969100481
-82.046692607	41.5103379873
-82.4666208896	41.3875028611
-82.6799420157	41.4958419165
-82.6100556954	41.4268711376
-82.8044556344	41.4789044022
-82.9253070878	41.42854963
-83.0594338903	41.4616617075
-82.7025253681	41.5413138018
-82.8336003662	41.5889219501
-82.9564354925	41.5294117647
-83.4616617075	41.721980621
-83.1786068513	42.0149538415
-83.1177233539	42.2755779355
-82.8877698939	42.3981078813
-82.8155947204	42.6425574121
-82.7185473411	42.6927595941
-82.6280613413	42.6750591287
-82.6019684138	42.5125505455
-82.4188601511	42.4983596551
-82.4019226368	42.387426566
-82.4849317159	42.3135729
-83.0421911955	42.3047226673
-83.1224536507	42.0646982528
-82.9175249866	41.985351339
-82.6277561608	42.0352483406
-82.50171664	41.9139391165
-82.4164187076	42.1052872511
-81.8574807355	42.3208972305
-81.856412604	42.2563515679
-81.655756466	42.4783703365
-81.6546883345	42.478065156
-81.4457923247	42.6100556954
-81.1396963455	42.6730754559
-80.1005569543	42.5430685893
-80.4493781949	42.6233310445
-80.1966887922	42.7919432364
-80	42.8146791791
> Shore Bin # 171, Level 2
-80	45.1413748379
-80.0761425193	45.0943770504
-80	45.0457007706
> Shore Bin # 171, Level 2
-80	44.8499275196
-80.1039139391	44.8200198367
-80	44.6974898909
> Shore Bin # 172, Level 1
-74.1217669947	40
-74.0511177234	40.0668345159
-74.0233463035	40.3208972305
-73.9800106813	40.3837644007
-74.0775158312	40.3582818341
-73.9858091096	40.406958114
-74.2908369574	40.5090409705
-74.1229877165	40.719157702
-74.143587396	40.6440833143
-74.017395285	40.7676813916
-74.0148012512	40.6999313344
-73.9284351873	40.797894255
-73.7900358587	40.8046082246
-73.8133821622	40.8628976883
-73.5892271305	41.0429541466
-73.1866941329	41.1819638361
-73.1042954147	41.1512932021
-72.9056229496	41.3012893874
-72.894789044	41.2413214313
-72.5430685893	41.2481879911
-72.1106279088	41.2991531243
-72.0857557031	41.3592736706
-72.0082398718	41.3057145037
-71.8309300374	41.3514915694
-71.8545815213	41.3015945678
-71.5066758221	41.4198519875
-71.482261387	41.3589684901
-71.4006256199	41.600671397
-71.454337377	41.6964980545
-71.3472190433	41.7169451438
-71.4050507362	41.8193331807
-71.3008316167	41.6484321355
-71.2607003891	41.7242694743
-71.1593804837	41.7204547189
-71.1946288243	41.4528114748
-71.1079575799	41.5416189822
-71.037613489	41.4810406653
-70.9538414588	41.5144579232
-70.9228656443	41.6615548943
-70.8555733577	41.5815976196
-70.709391928	41.7537193866
-70.6781109331	41.6914625772
-70.6085297932	41.7647058824
-70.6604104677	41.5150682841
-70.4093995575	41.6380560006
-70	41.6520943008
> Shore Bin # 172, Level 1
-70	41.8628213931
-70.0566109712	42.0416571298
-70.2461280232	42.0654612039
-70.0953688869	42.032043946
-70.0068665599	41.8095674067
-70.3343251698	41.708705272
-70.5362020294	41.8059052415
-70.5426108186	41.9290455482
-70.7173266194	41.9952697032
-70.6483558404	42.046692607
-70.5966277562	42.0057984283
-70.7611200122	42.2513160906
-70.8892957961	42.3100633249
-70.9597924773	42.2441443503
-71.0591287098	42.3707942321
-70.9524681468	42.3431754025
-70.9864957656	42.4165712978
-70.833447776	42.4908827344
-70.8915846494	42.5450522621
-70.590218967	42.6366063935
-70.6268406195	42.6935225452
-70.7652399481	42.6392004273
-70.8661020829	42.8137636378
-70.5615320058	43.322652018
-70.3338673991	43.4482337682
-70.3431754025	43.5547417411
-70.1956206607	43.5649652857
-70.2597085527	43.7164873732
-70	43.8387121386
> Shore Bin # 172, Level 1
-70	47.4352635996
-70.500343328	47.011825742
-71.1934081025	46.8130006867
-70.715648127	47.1085679408
-70.4957656214	47.439688716
-70.2290379187	47.4888227665
-70.1490806439	47.6556038758
-70	47.7251850156
> Shore Bin # 172, Level 1
-70	43.7744716564
-70.0250247959	43.7300679026
-70	43.7610437171
> Shore Bin # 172, Level 2
-75.8121614405	44.5024795911
-75.7633325704	44.450904097
-75.857175555	44.3764400702
-76.3636224918	44.1214618143
-76.3054856184	44.0270084688
-76.1249713893	44.0527962158
-76.2092011902	43.9800106813
-76.0575265126	44.0061036088
-76.3019760433	43.8605325399
-76.1910429541	43.5780880446
-76.4164187076	43.5347524224
-76.9443808652	43.2541390097
-77.1500724804	43.2977798123
-77.570763714	43.2489509422
-78.1152056153	43.3882658122
-78.63416495	43.3675135424
-79.3452353704	43.1880674449
-79.7688258183	43.2892347601
-79.5878538186	43.5646601053
-79.0925459678	43.8263523308
-77.7036697948	44.0410467689
-77.4856183719	43.942168307
-77.1702143893	43.9542229343
-77.232776379	43.8800640879
-77.134508278	43.8554970626
-76.848096437	43.9433890288
-77.0421911955	43.9482719158
-76.846723125	44.1182574197
-77.1277943084	44.0335698482
-77.076676585	44.1794460975
-77.317769131	44.0897230488
-77.3144121462	44.1522850385
-77.567254139	44.1136797131
-77.0113679713	44.2111848631
-77.0466163119	44.1293965057
-76.8867017624	44.1774624247
-77.0699626154	44.0921644923
-76.9767299916	44.0837720302
-76.6883344778	44.2169832914
-75.9769588769	44.3836118105
-75.8135347524	44.5018692302
-75.8121614405	44.5024795911
> Shore Bin # 172, Level 2
-80	42.8146791791
-79.4547951476	42.8775463493
-79.0925459678	42.8419928283
-78.9152361334	42.9242389563
-79.0786602579	43.0922407874
-78.8880750744	43.0495155261
-78.8714427405	42.7864499886
-79.1447318227	42.5702296483
-80	42.1838712139
> Shore Bin # 172, Level 2
-80	45.0457007706
-79.8286411841	44.9361409934
-79.7836270695	44.817425803
-79.6830701152	44.8792248417
-79.6597238117	44.7516594186
-79.8774700542	44.7682917525
-79.9458304723	44.865491722
-80	44.8499275196
> Shore Bin # 172, Level 2
-80	44.6974898909
-79.987487602	44.6828412299
-80	44.6565957122
> Shore Bin # 172, Level 2
-80	45.1555657282
-79.9885557336	45.1483939879
-80	45.1413748379
> Shore Bin # 173, Level 1
-70	43.7610437171
-69.8889143206	43.8986800946
-69.856412604	43.7045853361
-69.7802700847	43.7425803006
-69.8312352178	43.9806210422
-69.9133287556	43.921263447
-69.7901884489	44.089875639
-69.8045319295	43.9118028534
-69.6763561456	43.9732967117
-69.7105363546	43.8542763409
-69.6615548943	43.9748226139
-69.6044861524	43.8133821622
-69.5437552453	44.0250247959
-69.5132372015	43.8333714809
-69.3871976806	44.077363241
-69.3078507668	43.9551384756
-69.1656366827	44.0706492714
-69.2776379034	43.9523918517
-69.2109559777	43.9325551232
-69.0435645075	44.0852979324
-69.1036850538	44.1098649577
-68.9460593576	44.3447013046
-69.0043488212	44.431372549
-68.8082703899	44.4676890211
-68.8256656748	44.6665140764
-68.741435874	44.5615320058
-68.8249027237	44.3099107347
-68.7504386969	44.349126421
-68.5220111391	44.2284275578
-68.5818265049	44.410467689
-68.4908827344	44.4483100633
-68.4570077058	44.3848325322
-68.4991226062	44.494087129
-68.4206912337	44.4965285725
-68.4283207446	44.395819028
-68.3549248493	44.494087129
-68.2676432441	44.4567025254
-68.3178454261	44.5366598001
-68.2226291295	44.4640268559
-68.2442969406	44.5864042115
-68.0588998245	44.3315785458
-67.959563592	44.3999389639
-68.0248722057	44.4881361105
-67.9374380102	44.4115358206
-67.9087510491	44.4933241779
-67.9000534066	44.3956664378
-67.8915083543	44.5522240024
-67.7897306783	44.6074616617
-67.7421225299	44.4971389334
-67.6594186313	44.5711451896
-67.5664911879	44.5331502251
-67.565880827	44.6631570916
-67.4047455558	44.5958648051
-67.3823147936	44.7202258335
-67.2581063554	44.6276035706
-66.9488059815	44.8166628519
-67.1021591516	44.8966201266
-67.1599908446	44.8143739986
-67.1635004196	44.9486533913
-66.9820706493	44.9117265583
-67.1871519036	45.2265201801
-67.0797283894	45.0749980926
-66.9692530709	45.1828793774
-66.8570992599	45.1216906996
-66.8883802548	45.0412756542
-66.4632639048	45.1696040284
-66.4583810178	45.0586709392
-66.0666819257	45.2712291142
-65.9067673762	45.1953917754
-64.8656443122	45.633478294
-64.779125658	45.5948729686
-64.569314107	45.8306248569
-64.6784161135	45.9758907454
-64.4924086366	45.810482948
-64.551918822	45.7250324254
-64.337987335	45.8806744488
-64.2595559625	45.756771191
-64.3332570382	45.7538719768
-64.3094529641	45.8213168536
-64.382543679	45.7975127794
-64.5740444038	45.5991454948
-64.9134050507	45.433432517
-64.9436179141	45.3301289387
-64.8343633173	45.3548485542
-64.7740901808	45.2925917449
-64.5725185016	45.4084077211
-63.3772793164	45.360952163
-64.1727321279	45.1898985275
-64.1034561685	45.0025177386
-64.2865644312	45.1409170672
-64.3599603265	45.0998702983
-64.3283741512	45.2979324025
-64.4956130312	45.3366903182
-64.3990234226	45.2973220417
-64.4609750515	45.2449835966
-64.9501792935	45.1067368582
-65.7421225299	44.7132066835
-65.7270160983	44.6681925689
-65.5152208743	44.7522697795
-65.6844434272	44.6198214694
-65.7662317845	44.6022735943
-65.7869840543	44.6930647745
-66.1116960403	44.4986648356
-66.2034027619	44.37628748
-65.9803158618	44.5580224308
-65.8469520104	44.5716029603
-66.1271076524	44.3315785458
-66.2154573892	44.0965896086
-66.1704432746	43.8002594034
-66.1188677806	43.8467994202
-66.1248187991	43.7410543984
-66.0897230488	43.7790493629
-66.0137331197	43.6809338521
-65.9349965667	43.8637369345
-65.8025482567	43.5921263447
-65.7755397879	43.7007705806
-65.7291523613	43.4929427024
-65.5750362402	43.5671015488
-65.4692912184	43.4503700313
-65.464103151	43.6012817578
-65.3388265812	43.5374990463
-65.3800259403	43.7438010224
-65.255054551	43.6588082704
-65.2375066758	43.7970550088
-65.1291676204	43.6537727932
-65.0925459678	43.7486839094
-65.0292210269	43.6954299229
-65.042496376	43.8246738384
-64.9808499275	43.7441062028
-64.9732204166	43.8709086748
-64.9118791485	43.7892729076
-64.9179827573	43.878080415
-64.834821088	43.8144502937
-64.8447394522	43.9330128939
-64.6636148623	43.9876401923
-64.7100022889	44.0514229038
-64.5514610513	44.0706492714
-64.616006714	44.1556420233
-64.5220111391	44.1173418784
-64.3691157397	44.2609292744
-64.4382391089	44.3453116655
-64.2453650721	44.2590981918
-64.3433279927	44.3656061646
-64.2131685359	44.3805600061
-64.3733882658	44.448767834
-64.3056382086	44.5662623026
-64.2183566033	44.532387274
-64.173495079	44.5867093919
-64.0796520943	44.4701304646
-64.0071717403	44.5067521172
-64.0651560235	44.6347753109
-63.8883039597	44.6904707408
-63.9388113222	44.5049210346
-63.7900358587	44.5354390784
-63.816739147	44.4786755169
-63.7674525063	44.5246051728
-63.6484321355	44.4312199588
-63.5204089418	44.5041580835
-63.6624704356	44.7263294423
-63.4493018997	44.5870145724
-63.4517433433	44.6803997864
-63.2825207904	44.6253147173
-63.2509346151	44.7362478065
-63.2233157855	44.6671244373
-63.1575494011	44.7328908217
-63.1404592966	44.6874189364
-63.1274891279	44.7896543832
-63.0492103456	44.6712443732
-63.0684367132	44.7745479515
-63.0000762951	44.6955062181
-62.8033875029	44.7095445182
-62.8792248417	44.8137636378
-62.6591897459	44.7711909667
-62.6192111086	44.844586862
-62.5459678035	44.7862973983
-62.5450522622	44.9228656443
-62.4574654765	44.8203250172
-62.2566567483	44.9719996948
-62.055085069	44.955367361
-62.0004577707	44.9933623255
-62.098268101	45.0037384604
-61.9475089647	45.0095368887
-61.9783321889	45.0687418936
-61.8849469749	45.0263218128
-61.9583428702	45.095445182
-61.8541237507	45.0353246357
-61.8449683375	45.1062790875
-61.6542305638	45.0894941634
-61.7950713359	45.2445258259
-61.6008239872	45.1445792325
-61.3112077516	45.1908140688
-61.3879606317	45.2025635157
-61.3282978561	45.253681239
-61.1750972763	45.2112611582
-61.170061799	45.300373846
-61.1267261769	45.2062256809
-60.9604028382	45.3224994278
-61.4924849317	45.3687342641
-61.51918822	45.4346532387
-61.4866865034	45.380483711
-61.2288090333	45.4833295186
-61.4908064393	45.6946669718
-61.6217288472	45.6145571069
-61.8841840238	45.6928358892
-61.9600213626	45.6229495689
-61.9092088197	45.8829633021
-62.4675364309	45.6379034104
-63.1103990234	45.8081940948
-63.0637064164	45.7535667964
-63.2813000687	45.7079423209
-63.3859769589	45.7579919127
-63.2506294347	45.8098725872
-63.517051957	45.8120088502
-63.4248874647	45.8223849851
-63.4674601358	45.8782330053
-63.7402914473	45.8506141756
-63.8757915618	45.9691767758
-64.1008621347	46.0144960708
-63.7906462196	46.1374837873
-64.1367208362	46.1420614939
-64.2650492103	46.236209659
-64.5583276112	46.210421912
-64.5600061036	46.3654535744
-64.7092393378	46.3146410315
-64.6190585183	46.3549248493
-64.6909285115	46.5270466163
-64.6088349737	46.4591439689
-64.7186999313	46.6883344778
-64.871747921	46.6478980697
-64.9109636072	46.7420462348
-64.8162050813	46.7258716716
-64.9904631113	46.8374151217
-64.9095902953	46.8441290913
-64.7968261234	47.0746929122
-65.2362859541	47.0194552529
-65.2066834516	47.0841535058
-65.4189364462	47.0702677958
-64.9631494621	47.2814526589
-65.0218966964	47.3418783856
-64.923323415	47.3989471275
-64.9143205921	47.342183566
-64.8599984741	47.5494010834
-64.9230182345	47.4465552758
-64.9237811856	47.5345998322
-64.7780575265	47.6574349584
-64.8564888991	47.689173724
-64.6655985351	47.7164873732
-64.7406729229	47.7709620813
-64.7750057221	47.7112993057
-64.8448920424	47.735866331
-64.8056763561	47.8051422904
-65.0754558633	47.7639429313
-64.979781796	47.8339818418
-65.1935606928	47.818112459
-65.6696421759	47.6012817578
-65.6232547494	47.6598764019
-65.8309300374	47.910124361
-66.0859082933	47.9252307927
-66.382543679	48.019531548
-66.3683527886	48.0729381247
-66.7954528115	47.9870298314
-66.475928893	48.1211566339
-66.0950637064	48.0912489509
-65.9034103914	48.2070649271
-65.4551003281	48.006256199
-65.2434576944	48.0112916762
-64.9692530709	48.1795986877
-64.774242771	48.2053864347
-64.6709391928	48.3479056992
-64.3166247044	48.4179446098
-64.2046234836	48.5241474022
-64.2722209506	48.6175326162
-64.1663233387	48.625772488
-64.5546654459	48.8783093004
-64.1625085832	48.7487602045
-64.2003509575	48.8575570306
-64.6033417258	49.1113145647
-65.3266193637	49.2529182879
-66.1716639963	49.2071412222
-68.1841763943	48.6353856718
-68.8175783932	48.3688105592
-69.5120164797	47.9446097505
-69.6292057679	47.74914168
-70	47.4352635996
> Shore Bin # 173, Level 1
-62.892652781	45.9971007858
-62.4942397192	45.9812314031
-62.458533608	46.0210574502
-62.5737392233	46.0288395514
-62.4885938811	46.024414435
-62.4690623331	46.14633402
-62.6430151827	46.1687647822
-62.4991226062	46.1774624247
-62.6182955673	46.2381933318
-62.4138246738	46.2131685359
-62.4902723735	46.2705424582
-62.3807125963	46.2523842222
-62.3697261006	46.3549248493
-62.1861600671	46.3483634699
-61.9725337606	46.4533455406
-62.6312657359	46.4707408255
-62.7336537728	46.4467841611
-62.5867093919	46.4190127413
-63.0379186694	46.4174868391
-62.9840543221	46.360265507
-63.3339436942	46.4231326772
-63.3353170062	46.4997329671
-63.5692378119	46.4615854124
-63.4918745708	46.5268940261
-63.6688792248	46.5708400092
-63.7195391775	46.4391546502
-63.8480201419	46.45990692
-63.8326085298	46.5200274662
-63.9583428702	46.4701304646
-63.8323033494	46.5798428321
-63.9865720607	46.7315175097
-64.0984206912	46.6953536278
-64.1155107958	46.7708857862
-63.9752803845	46.8804455634
-64	47.0583657588
-64.4029907683	46.724040589
-64.3875791562	46.6153963531
-64.114290074	46.58533608
-64.0784313725	46.6495765621
-64.138704509	46.4023804074
-63.7488364996	46.3939879454
-63.8139925231	46.3199816892
-63.6548409247	46.2224765393
-63.2246890974	46.131685359
-63.1425955596	46.2082856489
-63.2945754177	46.2049286641
-63.0231174182	46.3016708629
-63.1273365377	46.207675288
-62.8767833982	46.1448081178
-63.044632639	46.055085069
-62.9054703593	46.0727855344
-62.8955519951	46
-62.892652781	45.9971007858
> Shore Bin # 173, Level 1
-60	46.233463035
-60.1251239796	46.2682536049
-60.2172884718	46.1141374838
-60.2290379187	46.18814374
-60.310826276	46.1486228733
-60.2032501717	46.2499427787
-60.2914473182	46.3422598611
-60.6659037156	46.0721751736
-60.2949568933	46.2525368124
-60.3192187381	46.2107270924
-60.7962157626	45.9583428702
-60.7042038605	45.8995956359
-60.3756771191	46.022278172
-60.7391470207	45.7996490425
-60.740062562	45.6887159533
-60.850843061	45.670405127
-60.8087281605	45.7341878386
-60.9399557488	45.7753871977
-61.1636530098	45.7108415351
-60.9321736477	45.8440527962
-60.9933623255	45.8786907759
-60.9112687877	45.868314641
-60.9999237049	45.9287403677
-60.8020141909	45.9600213626
-60.7502861067	46.0758373388
-60.9913786526	45.9958800641
-60.9011978332	46.0857557031
-60.6388952468	46.119172961
-60.4148928054	46.2932784009
-60.4568551156	46.3433279927
-60.6210421912	46.2069123369
-60.3503471427	46.6140230411
-60.3074692912	46.8625925078
-60.5154497597	46.9047074083
-60.4133669032	47.0392919814
-60.6182955673	47.0330357824
-61.5544365606	46.0401312276
-61.4688334478	45.7166399634
-61.2925917449	45.5478751812
-61.229266804	45.6270695048
-61.1625848783	45.5645075151
-60.8749523156	45.6528572519
-60.6849774929	45.5661860075
-60.4225223163	45.6420233463
-60.0816357671	45.8011749447
-60.1550316625	45.87457084
-60	45.9069199664
> Shore Bin # 173, Level 1
-70	47.7251850156
-69.9063096056	47.7689784085
-69.7055008774	48.1016250858
-69.9891660945	48.2574196994
-69.6783398184	48.138704509
-69.4267185473	48.2978561074
-69.2324711986	48.572823682
-69.1287098497	48.5783169299
-69.0592813001	48.7711909667
-68.6367589837	48.9004348821
-68.7470817121	48.9416342412
-68.6425574121	48.9312581064
-68.5992217899	49.0511940185
-68.3866636149	49.142137789
-68.463416495	49.0437170977
-68.1925688563	49.1012436103
-68.324711986	49.1866941329
-68.1492332341	49.202105745
-68.1290913252	49.2719920653
-67.3766689555	49.3179217212
-67.1512932021	49.8025482567
-66.9333943694	49.998626688
-66.9271381704	50
> Shore Bin # 173, Level 1
-62	49.0762188144
-61.6997024491	49.0849164569
-61.8333714809	49.3145647364
-62.2433813993	49.419546807
-62.6991683833	49.6604867628
-64.152590219	49.9520866712
-64.521248188	49.8817425803
-63.829251545	49.6379034104
-63.5875486381	49.3862821393
-62.9333943694	49.1903562982
-62.0016784924	49.0754558633
-62	49.0762188144
> Shore Bin # 173, Level 1
-70	41.6520943008
-69.9668879225	41.6531624323
-69.9726863508	41.7764553292
-70	41.8628213931
> Shore Bin # 173, Level 1
-70	43.8387121386
-69.9505607691	43.8620584421
-70	43.7744716564
> Shore Bin # 203, Level 1
-124.054779889	40
-123.852445258	39.8301670863
-123.731593805	38.9214923323
-122.979934386	38.269016556
-123.022964828	37.9943541619
-122.859998474	38.0190737774
-122.528419928	37.8155184253
-122.523384451	37.8921187152
-122.43884947	37.8817425803
-122.51575494	38.1290913252
-122.409094377	38.1548790723
-122.256961929	38.0608834974
-122.422980087	37.9465934234
-122.314641032	37.8950179294
-122.332036316	37.7816433967
-122.190432593	37.7041275654
-122.108796826	37.4991989014
-122.36255436	37.5928892958
-122.387121386	37.7917143511
-122.478370336	37.8095674067
-122.521248188	37.5341420615
-122.400396735	37.3574425879
-122.407110704	37.1966124971
-122.135957885	36.9665064469
-121.863584344	36.9315632868
-121.816128786	36.6807049668
-121.980315862	36.580453193
-121.903105211	36.3042648966
-121.50514992	36
-121.285267414	35.6643015183
-120.885786221	35.4312962539
-120.828107118	35.3389791714
-120.887312123	35.2344548714
-120.641489281	35.1351186389
-120.638742657	34.5593957427
-120.455176623	34.4417486839
-120	34.4277103838
> Shore Bin # 204, Level 1
-120	34.4277103838
-119.565880827	34.4142824445
-119.288776989	34.2732890822
-119.133134966	34.0991836423
-118.807965209	34.0001525902
-118.534523537	34.0338750286
-118.442969406	33.9766536965
-118.413366903	33.7421225299
-118.089265278	33.7361715114
-117.434958419	33.2542915999
-117.281757839	33.0087739376
-117.246967269	32.6674296178
-117.178759442	32.7277027543
-117.10093843	32.6294346532
-117.207904173	32.688487068
-117.03837644	32.2833600366
-116.922560464	32.2264438849
-116.860608835	31.9920653086
-116.614785992	31.8429846647
-116.622720684	31.7723353933
-116.749065385	31.7422751202
-116.652170596	31.6639963378
-116.693675135	31.5527580682
-116.361181048	31.2405584802
-116.335393301	30.9642175937
-116.060425727	30.8024719615
-116.006256199	30.3649958038
-115.99328603	30.5061417563
-115.929655909	30.447394522
-115.986724651	30.3947508965
-115.810788128	30.2993820096
-115.813687343	30
> Shore Bin # 204, Level 1
-114.556954299	30
-114.565651942	30.0112916762
-114.66910811	30.1982146944
-114.629739834	30.4914930953
-114.712138552	30.9126420996
-114.834668498	31.0011444266
-114.919356069	31.2632944228
-114.784313725	31.6641489281
-114.850843061	31.8524452583
-114.584725719	31.7781338216
-114.158693828	31.4938582437
-114.022583352	31.493400473
-113.973907073	31.6601815824
-113.659113451	31.5008773938
-113.631494621	31.3315022507
-113.294117647	31.2576485847
-113.252918288	31.2872510872
-113.107194629	31.2051575494
-113.088426032	30.6794842451
-112.761272602	30.197909514
-112.753337911	30
> Shore Bin # 206, Level 1
-90	30.0923170825
-90.1516746777	30.0224307622
-90.3930724041	30.0698863203
-90.4075684749	30.2124055848
-90.1995880064	30.3857480735
-90	30.3041123064
> Shore Bin # 207, Level 1
-81.3463035019	30
-81.4650186923	30.5284199283
-81.4267185473	30.7016098268
-81.5115587091	30.7234302281
-81.4889753567	30.7974364843
-81.4483863584	30.71778439
-81.4050507362	30.9767299916
-81.4697489891	30.9051651789
-81.446707866	30.9668116274
-81.5437552453	30.9861905852
-81.4570840009	31.0124361028
-81.5475700008	31.0846112764
-81.4808880751	31.0345616846
-81.5136949722	31.0858319982
-81.438315404	31.036240177
-81.4375524529	31.0846112764
-81.4282444495	31.0138094148
-81.4045929656	31.1058213169
-81.4491493095	31.1113145647
-81.3879606317	31.2750438697
-81.4470130465	31.3148699168
-81.3728542	31.3241779202
-81.4349584192	31.3405050736
-81.3325703822	31.3328755627
-81.4245822843	31.3542381933
-81.3354695964	31.3749904631
-81.3350118257	31.4595254444
-81.2707713436	31.3820096132
-81.202105745	31.4799725338
-81.1967650874	31.5362783246
-81.3176165408	31.4512855726
-81.2596322576	31.5300221256
-81.3530174716	31.5333791104
-81.1970702678	31.5791561761
-81.3267719539	31.6662851911
-81.1796749828	31.5924315251
-81.2829785611	31.6807812619
-81.1886778058	31.7074845502
-81.300373846	31.7891203174
-81.1645685512	31.7308308537
-81.1638056001	31.8750286107
-81.0896467536	31.8832684825
-81.1883726253	31.9287403677
-80.9916838331	31.8593118181
-80.9341573205	31.9092088197
-80.9964141299	31.9523918517
-80.8549629969	31.9716182193
-80.9149309529	32.0468451972
-80.8389410239	32.1542687114
-80.7862973983	32.1850919356
-80.8165102617	32.105897612
-80.6692607004	32.2156099794
-80.8067444877	32.3083848325
-80.8268863966	32.4972915236
-80.6175326162	32.255741207
-80.4565499351	32.4081788357
-80.60624094	32.5058365759
-80.4231326772	32.4959182116
-80.4185549706	32.5551232166
-80.3326466773	32.4750133516
-80.1937895781	32.5610742351
-80.236209659	32.6089875639
-80.178377966	32.558175021
-80.0018310826	32.604867628
-80	32.6066987106
> Shore Bin # 207, Level 1
-90	30.3041123064
-89.6525520714	30.1620508125
-89.59578851	30.2128633555
-89.4575417716	30.1771572442
-89.3263141833	30.3099107347
-89.4036774243	30.3416495003
-89.3542381933	30.3695735103
-89.2500190738	30.3445487144
-89.2841992828	30.3028915846
-88.8580148013	30.3883421073
-88.9301899748	30.4306095979
-88.7107652399	30.3405813687
-88.608377203	30.4130617227
-88.4850843061	30.3181506065
-88.3356984817	30.4048218509
-88.1367208362	30.3106736858
-88.122682536	30.5914396887
-88.066224155	30.581216144
-88.0012207218	30.7750057221
-87.910124361	30.4121461814
-87.7286945907	30.3027389944
-88.0302128634	30.2217135882
-87.5565728237	30.2742046235
-87.5149156939	30.3091477836
-87.6122682536	30.2999923705
-87.6142519265	30.3581292439
-87.5452811475	30.3202868696
-87.418783856	30.4615854124
-87.3443198291	30.429999237
-87.5506218051	30.2774090181
-87.3266193637	30.315709163
-87.4239719234	30.3053330282
-87.1786068513	30.4226749065
-87.1799801633	30.5807583734
-87.0698100252	30.4458686198
-87.0276951247	30.6065461204
-87.0225070573	30.5041580835
-86.8799877928	30.4391546502
-87.1863889525	30.3424124514
-86.5903715572	30.4029907683
-86.4980544747	30.5197222858
-86.4222171359	30.4505989166
-86.1994354162	30.4937819486
-86.1165789273	30.3741512169
-86.2465857939	30.4289311055
-86.5159075303	30.3900205997
-86.075226978	30.2973983368
-85.7351033799	30.1229877165
-85.7412069886	30.2166781109
-85.8483253223	30.232089723
-85.8754863813	30.3115892271
-85.7650110628	30.317082475
-85.7216754406	30.2337682155
-85.5825131609	30.3112840467
-85.6000610361	30.2354467079
-85.7230487526	30.1844815747
-85.6025024796	30.1045243
-85.5117112993	30.1329060807
-85.4775310903	30.0303654536
-85.39375906	30.051575494
-85.472495613	30.006256199
-85.6871900511	30.1266498817
-85.5266651408	30
> Shore Bin # 207, Level 1
-84.3607232776	30
-84.3854428931	30.0373846036
-84.2050812543	30.0837720302
-84.2082856489	30.1396200504
-84.1774624247	30.0729381247
-83.9861142901	30.1063553826
-83.8078889143	30
> Shore Bin # 207, Level 1
-89.8561074235	30
-89.8587014572	30.0050354772
-89.7433432517	30.1762417029
-89.8062104219	30.1005569543
-89.8632791638	30.1553368429
-90	30.0923170825
> Shore Bin # 207, Level 1
-89.4651712825	30
-89.4450293736	30.0628671702
-89.573510338	30
> Shore Bin # 208, Level 1
-80	32.6066987106
-79.8695353628	32.7367055772
-79.9612420844	32.770733196
-79.9349965667	32.8496223392
-79.8475623713	32.7545586328
-79.5342946517	33.0350194553
-79.3682764935	33.009079118
-79.3850614176	33.0675211719
-79.1747920958	33.1882200351
-79.2791638056	33.3557640955
-79.1723506523	33.204852369
-79.0908674754	33.4766155489
-78.7774471656	33.766536965
-78.3852903029	33.9110399023
-78.0166323339	33.8883039597
-77.9603265431	34.1814297704
-77.8976119631	34.0566109712
-77.6998550393	34.345616846
-77.3736171511	34.5183489738
-77.3945220111	34.5900663767
-77.2809948882	34.5667200732
-77.1880674449	34.6999313344
-77.11497673	34.6894026093
-77.1305409323	34.7624933242
-77.0997177081	34.6741435874
-76.6991683833	34.7162584878
-76.7771419852	34.7541008621
-76.6869611658	34.8030823224
-76.6167696651	34.7071030747
-76.620889601	34.8104066529
-76.514991989	34.7179369802
-76.4133669032	34.878767071
-76.3308155947	34.8853284504
-76.2612344549	35.0074006256
-76.378423743	35.0395971618
-76.3179980163	34.9591821164
-76.4441901274	34.9129472801
-76.4658579385	35.0778973068
-76.4916456855	34.9620813306
-76.6584267948	34.9837491417
-76.7559319448	34.8978408484
-76.9758144503	35.0003814755
-76.9375143053	35.0778973068
-76.8033875029	34.9645227741
-76.7133592737	35.0045014115
-76.534523537	35.1508354314
-76.6242465858	35.2054627298
-76.5250629435	35.1845578698
-76.5871671626	35.2399481193
-76.4663157092	35.2625314717
-76.9954985885	35.483634699
-76.5751125353	35.3870450904
-76.6521705959	35.549095903
-76.4737926299	35.5391775387
-76.5879301137	35.5074387732
-76.5317769131	35.3995574884
-76.4641794461	35.3711757076
-76.4217593652	35.4587624933
-76.4032959487	35.3478294041
-76.3517204547	35.4145113298
-76.1541161212	35.3263141833
-75.882200351	35.6321049821
-75.8394750896	35.5689326314
-75.7277790494	35.6255436027
-75.7492942702	35.8847943847
-75.8493934539	35.9749752041
-75.8130769818	35.9229419394
-75.9911497673	35.8901350423
-76.034180209	35.6487373159
-76.0582894636	35.9928282597
-76.3163195239	35.9475089647
-76.2558937972	35.9203479057
-76.4008545052	35.9845883879
-76.7370107576	35.9333180743
-76.7241931792	36.1203936828
-76.5133134966	36.006256199
-76.3030441749	36.098268101
-76.4576180667	36.2012664988
-76.2175936522	36.0962844282
-76.2858014801	36.210421912
-76.1882963302	36.12542916
-76.0642404822	36.1454184787
-76.2099641413	36.3004501411
-75.9113450828	36.1631189441
-75.9488822766	36.2764934768
-75.7964446479	36.0715648127
-75.924773022	36.4261844816
-75.9453727016	36.3631647211
-76.0587472343	36.5133134966
-76.0459296559	36.5946440833
-75.9008163577	36.4876783398
-75.9934386206	36.5659571221
-75.9559014267	36.7206836042
-75.7396810864	36.0411993591
-75.5384145876	35.7767605097
-75.9966430152	36.9231708248
-76.072480354	36.878767071
-76.2925154498	36.9704737926
-76.2870222019	36.839703975
-76.3558403906	36.925459678
-76.526131075	36.8583199817
-76.4863050278	36.957503624
-76.6646829938	37.0472266728
-76.6851300832	37.1978332189
-76.7385366598	37.1471732662
-76.986037995	37.2423895628
-76.6491187915	37.2199588006
-76.4309147784	36.9678797589
-76.3067063401	36.9970244907
-76.2928206302	37.1285572595
-76.6207370108	37.3012893874
-76.8091859312	37.5320057984
-76.503852903	37.2455939574
-76.3682001984	37.2732127871
-76.4600595102	37.3015945678
-76.4518196384	37.4300755322
-76.2746623941	37.3107499809
-76.260624094	37.4525062943
-76.4141298543	37.5228503853
-76.2986190585	37.5611505303
-76.5499351492	37.6212710765
-76.9295796139	37.983978027
-76.5857938506	37.771419852
-76.5117875944	37.6417181659
-76.4644846265	37.6932936599
-76.3630121309	37.6081483177
-76.280155642	37.613946746
-76.3555352102	37.6737621118
-76.2375829709	37.8908979934
-76.4724193179	37.9678034638
-76.6059357595	38.1506065461
-76.9910734722	38.2024872206
-77.0444800488	38.4017700465
-77.3377584497	38.3450064851
-77.2361333639	38.6623941405
-77.1720454719	38.5726710918
-77.275959411	38.4872205692
-77.2481879911	38.3781185626
-77.1381704433	38.4498359655
-77.0933089189	38.4068055238
-77.0258640421	38.4992751965
-76.9279011215	38.2928206302
-76.7556267643	38.2226291295
-76.6659037156	38.2581826505
-76.3237964446	38.0373846036
-76.3739986267	38.3002975509
-76.492713817	38.3244068055
-76.3823910887	38.3866636149
-76.5108720531	38.5117875944
-76.5670252537	38.7701228351
-76.4902723735	38.841840238
-76.5513084611	38.9509422446
-76.4516670481	38.9419394217
-76.58533608	39.0711833371
-76.4570077058	38.9753566796
-76.3955138476	39.0164034485
-76.52964065	39.087815671
-76.4332036316	39.0608072023
-76.4310673686	39.134508278
-76.6311131456	39.2607003891
-76.4789806973	39.266193637
-76.4434271763	39.1950865949
-76.3982604715	39.2399481193
-76.492713817	39.3037308309
-76.4025329976	39.2484931716
-76.3683527886	39.3998626688
-76.282902266	39.3000686656
-76.2803082322	39.4499122606
-76.2265964752	39.4683756771
-76.2301060502	39.3492027161
-76.1040665293	39.4341954681
-76.0904859998	39.5579461357
-75.9479667353	39.5924315251
-76.0112916762	39.4493018997
-75.8760967422	39.5394827192
-75.8725871672	39.4612039368
-76.1873807889	39.3211261158
-76.2812237736	39.1480888075
-76.2291905089	39.055771725
-76.1727321279	39.1248950942
-76.1110856794	39.0840009155
-76.2224765393	38.9701686122
-76.3143358511	39.0377660792
-76.3791866941	38.8523689631
-76.3424124514	38.9549095903
-76.2990768292	38.9013504234
-76.2314793622	38.9642175937
-76.2064545663	38.8534370947
-76.1097123674	38.8833447776
-76.1983672847	38.849469749
-76.1716639963	38.7454032197
-76.252231632	38.8644235904
-76.3009079118	38.8297856107
-76.3422598611	38.6713969635
-76.2900740063	38.8142214084
-76.2998397803	38.7170214389
-76.244602121	38.8044556344
-76.2154573892	38.6820782788
-76.0299076829	38.5781643397
-75.9395742733	38.6765850309
-76.0126649882	38.5647364004
-76.2946517128	38.6312657359
-76.2792401007	38.5447470817
-76.1915007248	38.5569542992
-76.2755779355	38.4539559014
-76.3427176318	38.4959182116
-76.2276646067	38.3077744717
-76.2273594263	38.3942931258
-76.0340276188	38.2166781109
-76.0622568093	38.3057907988
-75.9766536965	38.3678950179
-75.9600213626	38.2337682155
-75.8432898451	38.4011596857
-75.9179064622	38.2658121614
-75.8037689784	38.2549782559
-75.9520866712	38.1757839322
-75.7587548638	38.1541161212
-75.8558022431	38.0679026474
-75.7488364996	38.0883497368
-75.8995956359	37.9732967117
-75.8483253223	37.9237048905
-75.6412603952	37.9758907454
-75.7621118486	37.9008163577
-75.6562142367	37.9032578012
-75.7029068437	37.7857633326
-75.8234531167	37.7946135653
-75.763790341	37.7125200275
-75.9429312581	37.5675593194
-75.8413061723	37.557488365
-75.942168307	37.5425345235
-75.9642938888	37.4746318761
-75.8962386511	37.4958419165
-76.0242618448	37.30312047
-75.9482719158	37.1195544366
-75.9029526207	37.3499656672
-75.7953765164	37.400015259
-75.8049897002	37.4686808576
-75.6754406043	37.5242236973
-75.6821545739	37.6449225605
-75.4204623484	37.8817425803
-75.5004196231	37.8641947051
-75.2471198596	38.2308690013
-75.1842526894	38.2629129473
-75.1917296101	38.2070649271
-75.0911726558	38.3291371023
-75.1779964904	38.4141298543
-75.0983443961	38.389562829
-75.0641641871	38.5070572976
-75.0875104906	38.3237964446
-75.0528725109	38.4100099184
-75.0579079881	38.6066987106
-75.1946288243	38.5891508354
-75.0887312123	38.6240939956
-75.1483939879	38.6929121843
-75.0612649729	38.6100556954
-75.0904097047	38.800030518
-75.3145647364	38.928206302
-75.4029144732	39.2558175021
-75.5912108034	39.464103151
-75.5371938659	39.7315938048
-75.4116121157	39.8028534371
-75.5519951171	39.6296635386
-75.4987411307	39.570763714
-75.5420767529	39.4650186923
-75.1375600824	39.1778439002
-75.0374608988	39.2211795224
-74.8992141604	39.1696040284
-74.972152285	38.9382772564
-74.8625925078	38.9420920119
-74.6504921035	39.199969482
-74.7054245823	39.1667048142
-74.6153963531	39.2834363317
-74.6828412299	39.327534905
-74.4107728695	39.3620202945
-74.4913405051	39.3983367666
-74.3770504311	39.4833295186
-74.4328984512	39.5550469215
-74.3074692912	39.5088120851
-74.3363088426	39.5791561761
-74.1603723201	39.7041275654
-74.1054398413	39.9308766308
-74.1779201953	39.9465934234
-74.1217669947	40
> Shore Bin # 240, Level 1
-115.813687343	30
-115.814297704	29.9487296864
-115.702601663	29.8983749142
-115.70000763	29.7547875181
-115.189135576	29.4274814984
-114.965438315	29.3731593805
-114.047455558	28.4650949874
-114.127260243	28.2577248798
-114.051880674	28.2182040131
-114.059052415	28.1110856794
-114.064087892	28.1950102998
-114.115968566	28.1150530251
-114.040894179	28.0276188296
-114.078126192	27.9841306172
-114.120393683	28.0373846036
-114.139925231	27.9450675212
-114.13946746	28.0883497368
-114.277561608	27.903105211
-114.161593042	27.9525444419
-114.147554742	27.7283894102
-114.048371099	27.7183184558
-114.069123369	27.8059052415
-113.921568627	27.718471046
-113.957732509	27.6560616464
-114.063935302	27.6949721523
-114.107728695	27.6017395285
-114.321049821	27.7785915923
-114.319218738	27.8733501183
-114.499732967	27.7724879835
-115.058670939	27.861295491
-115.026779583	27.7404440375
-114.519874876	27.4238193332
-114.435797665	27.1761654078
-114.161745632	27.1316090639
-114.005035477	26.9707789731
-113.85381857	26.9713893339
-113.626459144	26.719157702
-113.439993896	26.8317692836
-113.26817731	26.7486076143
-113.167162585	26.9929045548
-113.140764477	26.8590829328
-113.245593957	26.7859922179
-113.129625391	26.7981994354
-113.058518349	26.5943389029
-112.760814832	26.4348821241
-112.683604181	26.315709163
-112.4040589	26.239719234
-112.295262074	26.0558480201
-112.238956283	26.0839246204
-112.096742199	25.8117036698
-112.090180819	25.4741741054
-112.004882887	25.4981307698
-112.089417868	25.460593576
-112.126802472	25.1918822004
-112.073548486	25.1952391852
-112.151674678	25.1387808042
-112.176089113	24.8140688182
-112.103761349	25.013962005
-112.080109865	24.7248035401
-112.036926833	24.8441290913
-112.032043946	24.7374685283
-111.956664378	24.7516594186
-111.992065309	24.8699168383
-111.813534752	24.5075150683
-111.756466011	24.5165178912
-111.792935073	24.5448996719
-111.639276722	24.5587853819
-111.585564965	24.4151979858
-111.560234989	24.4649423972
-110.622720684	23.7116044862
-110.328374151	23.5602349889
-110.008697642	22.8923476005
-110	22.8928053712
> Shore Bin # 240, Level 1
-110	24.1408407721
-110.016174563	24.1712062257
-110.285191119	24.3564507515
-110.339360647	24.318455787
-110.305027848	24.1789883268
-110.411841001	24.1081864652
-110.437628748	24.1753261616
-110.325627527	24.1768520638
-110.560769055	24.2134737163
-110.681773098	24.3598077363
-110.740978103	24.619516289
-110.655985351	24.8070496681
-110.907148852	25.1453421836
-111.017929351	25.5158312352
-111.120927749	25.5288014038
-111.307087816	25.774929427
-111.441977569	26.5194171054
-111.565575647	26.5601586938
-111.56084535	26.6973373007
-111.819485771	26.8984512093
-111.818265049	26.716411078
-111.678339818	26.5860990311
-111.765926604	26.5517662318
-111.908445869	26.722667277
-111.871976806	26.8328374151
-112.00701915	26.9538414588
-111.967498283	27.0977340352
-112.217441062	27.2082093538
-112.355992981	27.551232166
-112.70389868	27.7535667964
-112.785229267	28.1972991531
-112.872358282	28.2807660029
-112.845807584	28.441138323
-113.102464332	28.5050736248
-113.197375448	28.7966735332
-113.348897536	28.7966735332
-113.384145876	28.9410238804
-113.525444419	28.8923476005
-113.636682689	29.2849622339
-114.207522698	29.744258793
-114.384222171	29.7759975586
-114.556954299	30
> Shore Bin # 240, Level 1
-112.753337911	30
-112.749980926	29.9156176089
-112.384985122	29.4917219806
-112.412451362	29.3455405509
-112.234531167	29.3054093233
-112.174868391	28.9678797589
-111.850156405	28.7949950408
-111.95147631	28.7576104372
-111.712825208	28.4573128862
-111.4352636	28.3723201343
-111.457236591	28.3149462119
-111.106431678	27.9360646983
-110.972304875	27.9717708095
-110.886701762	27.8382543679
-110.854352636	27.9116502632
-110.50156405	27.8692301823
-110.607766842	27.8120088502
-110.609597925	27.7302204929
-110.549935149	27.7317463951
-110.631876097	27.6507209888
-110.593575952	27.4390783551
-110.562905318	27.4860761425
-110.43915465	27.3044937819
-110.523994812	27.2913710231
-110.283054856	27.1450370031
-110	27.1117723354
> Shore Bin # 241, Level 1
-110	27.1117723354
-109.974517433	27.1088731212
-109.830167086	26.757457847
-109.674372473	26.6733806363
-109.495078965	26.6707866026
-109.576714733	26.701762417
-109.527733272	26.7598992905
-109.436179141	26.7132066835
-109.487754635	26.6825360494
-109.26848249	26.4998855573
-109.26131075	26.318455787
-109.251697566	26.4740978103
-109.093461509	26.286411841
-109.120317388	26.1757839322
-109.213397421	26.3425650416
-109.291065843	26.1402304112
-109.251087205	26.315709163
-109.4149691	26.0498970016
-109.399710079	25.6816968032
-109.336690318	25.7903410391
-109.236743725	25.6429388876
-109.246662089	25.7479209583
-109.160906386	25.6154726482
-109.048447395	25.597924773
-109.060807202	25.5178149081
-109.118791485	25.5425345235
-109.039291981	25.4612039368
-108.98924239	25.5088120851
-108.915083543	25.4621194781
-108.898298619	25.5671015488
-108.777447166	25.5445181964
-108.739147021	25.3962005035
-108.514229038	25.3170061799
-108.389105058	25.1845578698
-108.412146181	25.2849622339
-108.345006485	25.2829785611
-108.317540246	25.1929503319
-108.044251164	25.0687418936
-108.00717174	24.8633554589
-107.885404746	24.8810559243
-108.018005646	24.8416876478
-107.940947585	24.7246509499
-108.06958114	24.783245594
-107.995574884	24.646677348
-107.638666361	24.4638742657
-107.5397879	24.5189593347
-107.476005188	24.3964293889
-107.558251316	24.3880369268
-107.487449454	24.3265430686
-107.807736324	24.5090409705
-107.416647593	24.2389562829
-107.291218433	24.2327000839
-107.207751583	24.1329060807
-107.145952544	24.1432822156
-107.056076905	24.0386053254
-107.400167849	24.2346837568
-106.897535668	23.845273518
-106.428778515	23.1760128176
-106.388647288	23.220874342
-106.418554971	23.1781490806
-106.267490654	23.1250476844
-106.039215686	22.8366521706
-105.973449302	22.8799877928
-106.03494316	22.8316166934
-105.757228962	22.5398641947
-105.649958038	22.0022888533
-105.450980392	21.6241702907
-105.190356298	21.4608987564
-105.239337758	21.0601968414
-105.54039826	20.7701228351
-105.341115435	20.756084535
-105.246814679	20.5824368658
-105.695277333	20.4098573281
-105.550926986	20.2140840772
-105.51934081	20.0325017166
-105.495994507	20
> Shore Bin # 241, Level 1
-110	22.8928053712
-109.847257191	22.9008926528
-109.459067674	23.1982909895
-109.414206149	23.3878080415
-109.468375677	23.5556572824
-109.697566186	23.6623178454
-109.70016022	23.798580911
-109.837338827	23.9314869917
-109.826810101	24.0611886778
-109.929961089	24.0091554131
-110	24.1408407721
> Shore Bin # 242, Level 1
-96.574196994	20
-97.1706721599	20.6630045014
-97.4859235523	21.4551003281
-97.5741206989	21.4714274815
-97.6740672923	21.6614023041
-97.7732509346	22.0730907149
-97.6223392081	21.7853055619
-97.3734645609	21.526817731
-97.4113069352	21.2965590906
-97.3223468376	21.5704585336
-97.72823682	22.0073243305
-97.8382543679	22.6771953918
-97.859922179	22.558175021
-97.8910505837	22.5975432975
-97.7659266041	22.9394979782
-97.7741664759	22.8447394522
-97.7601281758	22.892652781
-97.7349507897	23.7706569009
-97.7877470054	23.7706569009
-97.8162813764	24.1008621347
-97.7445639734	24.4507515068
-97.795834287	24.317082475
-97.857175555	24.4632639048
-97.8095674067	24.5174334325
-97.8663309682	24.5250629435
-97.8258945602	24.581216144
-97.7412069886	24.4866102083
-97.7354085603	24.9040970474
-97.7084000916	24.8561837186
-97.6395819028	24.9283588922
-97.7520408942	24.9791714351
-97.6946669718	25.1515983825
-97.7845426108	25.1332875563
-97.6696421759	25.1766231785
-97.8095674067	25.2582589456
-97.7204547189	25.2549019608
-97.7026016632	25.4137483787
-97.5350576028	25.287098497
-97.5629816129	25.3759060044
-97.4828717479	25.3617151141
-97.5584039063	25.486381323
-97.4100862135	25.4245822843
-97.4503700313	25.3575951781
-97.3771267262	25.3600366217
-97.5274280919	25.015335317
-97.1970702678	25.6426337072
-97.1445792325	25.9600213626
-97.1526665141	26.0637827115
-97.2040894179	25.9688715953
-97.2979324025	25.9850461585
-97.188830396	26.0708018616
-97.3113603418	26.1199359121
-97.3313496605	26.3524834058
-97.4288548104	26.3515678645
-97.3780422675	26.4090943771
-97.4454871443	26.374914168
-97.4163424125	26.5540550851
-97.5663385977	26.8465705348
-97.5509269856	26.8986037995
-97.4705119402	26.8590829328
-97.5671015488	26.9681849393
-97.4712748913	27.0008392462
-97.4221408408	27.2632944228
-97.5432974746	27.2054627298
-97.7821011673	27.2816052491
-97.6554512856	27.3041886015
-97.7325093462	27.4145113298
-97.6058594644	27.287098497
-97.6366826886	27.3537804227
-97.5675593194	27.3171587701
-97.5078965438	27.3864347295
-97.5487907225	27.4058136873
-97.505912871	27.47035935
-97.4987411307	27.3099870298
-97.4045929656	27.3307392996
-97.2446784161	27.6908522164
-97.3783474479	27.636224918
-97.3112077516	27.7125200275
-97.478751812	27.8191805905
-97.3812466621	27.8358129244
-97.5246814679	27.8733501183
-97.267566949	27.8812848096
-97.1908140688	27.8228427558
-97.0199130236	28.1033035782
-97.1934081025	27.9713130388
-97.1467154955	28.0337224384
-97.2462043183	28.0653086137
-97.153276875	28.1368734264
-97.1927977417	28.1701380941
-97.0232700084	28.2055390249
-96.9791714351	28.1287861448
-96.9158464942	28.2687113756
-96.9663538567	28.1242084382
-96.9074540322	28.1278706035
-96.7837033646	28.22995346
-96.8587777523	28.4150453956
-96.765850309	28.4095521477
-96.804150454	28.4795910582
-96.6900129702	28.3253223468
-96.623025864	28.3433279927
-96.6692607004	28.3137254902
-96.4013122759	28.4432745861
-96.640421149	28.5732814527
-96.6634622721	28.7220569162
-96.5766384375	28.6945906767
-96.5633630884	28.7478446632
-96.5703822385	28.6457618067
-96.4858472572	28.6054779889
-96.4617380026	28.666208896
-96.4882887007	28.5670252537
-96.3738460365	28.6240939956
-96.4417486839	28.7704280156
-96.3649958038	28.6262302586
-96.1625085832	28.7629510948
-96.2371252003	28.6425574121
-96.1528953994	28.6166170748
-96.2284275578	28.5778591592
-95.9734493019	28.6581216144
-96.2175936522	28.4904249638
-95.6966506447	28.7310597391
-95.9607843137	28.6282139315
-95.9317921721	28.7016098268
-95.3917753872	28.8615243763
-95.1226062409	29.0684367132
-95.2152285039	29.020218204
-95.1903562982	29.2135500114
-95.1050583658	29.1711299306
-94.8992141604	29.3029678798
-94.8915846494	29.3887235828
-94.8091859312	29.3650720989
-94.9535362783	29.4218356603
-94.9095902953	29.4972152285
-95.0749980926	29.5475700008
-94.9814602884	29.6765087358
-94.9584191653	29.6252384222
-94.9915312428	29.7141985199
-94.9057755398	29.6559090562
-94.7269398032	29.7892729076
-94.6984054322	29.654383154
-94.7809567407	29.5292591745
-94.4686045624	29.5573357748
-94.7714961471	29.3607995727
-94.1016250858	29.6575875486
-93.8422217136	29.6789501793
-93.9375906004	29.7834744793
-93.8629739834	29.9905394064
-93.7581445029	29.9659723812
-93.7885099565	29.8489356832
-93.9067673762	29.7955291066
-93.8353551537	29.6931410697
-93.3495078965	29.7572289616
-93.347066453	29.8045319295
-92.3236438544	29.5323109789
-92.0057984283	29.6124208438
-92.099641413	29.6069275959
-92.2058442054	29.7521934844
-92.1339742123	29.7648584726
-92.1448081178	29.714961471
-91.9736018921	29.8333714809
-91.8287937743	29.83276112
-91.8835736629	29.7126726177
-91.6081483177	29.7547875181
-91.6545357443	29.6340886549
-91.5559624628	29.6324101625
-91.5544365606	29.5165941863
-91.436942092	29.5448233768
-91.4009308003	29.6368352789
-91.4302281224	29.5225452049
-91.3162432288	29.4883649958
-91.2510872053	29.6351567864
-91.2603952087	29.4460975051
-91.0901045243	29.3037308309
-91.1303883421	29.216754406
-90.9507896544	29.2133974212
-90.8583199817	29.0882734417
-90.6698710613	29.1758602274
-90.6482032502	29.1299305715
-90.5992217899	29.3098344396
-90.4818799115	29.2748912795
-90.4449530785	29.349813077
-90.4036011292	29.259937438
-90.3529411765	29.3058670939
-90.2851911192	29.2166018158
-90.2574196994	29.2558175021
-90.2418554971	29.0865949493
-90.1149004349	29.140764477
-90.0242618448	29.430685893
-90.2282749676	29.5089646754
-90.1960784314	29.5690852216
-90	29.4647135119
> Shore Bin # 242, Level 1
-90	21.1822690166
-90.2821393149	21.0531776913
-90.4957656214	20.5181963836
-90.4875257496	20
> Shore Bin # 243, Level 1
-83.8078889143	30
-83.6821545739	29.9249256123
-83.5866330968	29.7599755856
-83.4009308003	29.6737621118
-83.4012359808	29.5184252689
-83.2254520485	29.4299229419
-83.060654612	29.1615167468
-82.7991149767	29.1744869154
-82.7679865721	29.0008392462
-82.6262302586	28.8715953307
-82.7354848554	28.8549629969
-82.6387426566	28.8332951858
-82.640421149	28.5333028153
-82.8537422751	27.8699931334
-82.8421454185	27.8475623713
-82.7716487373	27.8004119936
-82.7759212634	27.8863202869
-82.6775005722	27.6945143816
-82.5838101778	27.880827039
-82.7304493782	27.9349965667
-82.6942854963	28.0361638819
-82.5513084611	27.9624628061
-82.5375753414	27.8336766613
-82.4742504005	27.8213168536
-82.4913405051	27.9191271839
-82.4045166705	27.9458304723
-82.4370183871	27.7175555047
-82.648813611	27.5333791104
-82.4771496147	27.51918822
-82.6938277256	27.4741741054
-82.5746547646	27.4132906081
-82.5712977798	27.2767223621
-82.4441901274	27.0637064164
-82.2854962997	26.8191042954
-82.1632715343	26.8296330205
-82.2737468528	27.0200656138
-82.1374837873	26.9346150912
-82.0004577707	26.9767299916
-82.0962844282	26.9166094453
-82.0637827115	26.5658045319
-81.9621576257	26.5552758068
-81.8054474708	26.6999313344
-82.0137331197	26.4873731594
-81.8545815213	26.450904097
-81.8046845197	26.0891126879
-81.6804760815	25.9958800641
-81.7409018082	25.9754329747
-81.6554512856	25.9800106813
-81.744258793	25.9713130388
-81.7320515755	25.9107347219
-81.6308842603	25.8962386511
-81.6176089113	25.9513237201
-81.5292591745	25.8512245365
-81.510795758	25.9104295415
-81.3958953231	25.8562600137
-81.2971694514	25.7924773022
-81.3771267262	25.7691309987
-81.3475242237	25.7221332113
-81.2295719844	25.7199969482
-81.2863355459	25.6791027695
-81.2274357214	25.5562676432
-81.1216906996	25.6171511406
-81.0263218128	25.5642023346
-81.2112611582	25.5199511711
-81.1474784466	25.3829251545
-80.9037918669	25.2516975662
-80.9999237049	25.2129396506
-81.1450370031	25.3263141833
-81.1729610132	25.2249942779
-81.0899519341	25.1171129931
-80.8133058671	25.1845578698
-80.672465095	25.1378652628
-80.5575646601	25.2445258259
-80.3865110246	25.1836423285
-80.4203860533	25.1360341802
-80.4612802319	25.1667048142
-80.4345769436	25.1091783017
-80.252994583	25.3408102541
-80.4162661173	25.2016479744
-80.1309224079	25.9287403677
-80.1213092241	25.8091096361
-80.0317387655	26.8059815366
-80.1528953994	27.1541924163
-80.3228809033	27.2408636606
-80.1879911498	27.174181735
-80.8197146563	28.6491187915
-80.7241931792	28.5970855268
-80.7106126497	28.4113832303
-80.6837567712	28.3474479286
-80.6575112535	28.3004501411
-80.6425574121	28.410467689
-80.5246051728	28.455024033
-80.5729762722	28.5824368658
-80.9402609293	29.0817120623
-81.3078507668	29.8290989548
-81.3463035019	30
> Shore Bin # 243, Level 1
-80	22.9288166629
-80.008392462	22.9462119478
-80.1451132982	22.963759823
-80.2616922255	22.8995193408
-80.6784161135	23.0962081331
-80.957503624	23.0495155261
-80.9941252766	23.1103990234
-81.1725032425	23.0254062715
-81.2811474784	23.1325246052
-81.1416800183	23.2062256809
-81.5507743954	23.0379186694
-81.5858701457	23.1496147097
-82.2716105898	23.1778439002
-82.7634088655	22.981155108
-82.7824826429	23.0295262074
-82.957503624	23.0186923018
-82.9800869764	22.9570458534
-82.9892423896	23.0112153811
-83.1258106355	22.997940032
-83.1633478294	22.9211871519
-83.225757229	22.9953459983
-83.3850614176	22.8653391318
-83.4392309453	22.9144731823
-83.9809262226	22.6703288319
-84.0250247959	22.7170214389
-84.3987182422	22.3250171664
-84.4412909133	22.1950102998
-84.3166247044	22.0245670253
-84.2653543908	22.0741588464
-84.2792401007	22.0036621653
-84.4950026703	22.0462348363
-84.9520103761	21.8707560845
-84.800030518	21.8120088502
-84.4974441138	21.9287403677
-84.5091935607	21.7546349279
-84.2600137331	21.8954757
-84.0358587015	21.9063096056
-83.9008163577	22.1829556725
-83.6559090562	22.164492256
-83.570763714	22.2429236286
-83.4833295186	22.1704432746
-83.3699549859	22.2003509575
-82.757457847	22.7028305486
-81.863431754	22.6770428016
-81.6517891203	22.5745021744
-81.6479743648	22.4899671931
-82.159609369	22.3950560769
-81.8059052415	22.1738002594
-81.4932478828	22.1986724651
-81.3894865339	22.1675440604
-81.3716334783	22.0628671702
-81.234149691	22.1321431296
-81.2182803082	22.0479133288
-81.1850156405	22.2795452811
-81.0841535058	22.0794995041
-80.4583810178	22.0720225834
-80.2891584649	21.8970016022
-80	21.7306782635
> Shore Bin # 243, Level 1
-90	29.4647135119
-89.9807736324	29.4546425574
-89.9250782025	29.5095750362
-89.7666895552	29.4795147631
-89.8480201419	29.4341954681
-89.776302739	29.4149691005
-89.8266575113	29.3112077516
-89.6234073396	29.3263141833
-89.617456321	29.2579537652
-89.6745250629	29.2899977111
-89.6208133059	29.2561226825
-89.4637979706	29.2491035325
-89.4067292287	29.0862897688
-89.287098497	29.1232166018
-89.4142061494	28.9195086595
-89.2600900282	29.1120775158
-89.1515983825	29.0002288853
-89.0263218128	29.1392385748
-89.1113145647	29.1633478294
-88.9987029831	29.182574197
-89.1250476844	29.1828793774
-89.2008850233	29.3528648814
-89.2524605173	29.3020523384
-89.3807888914	29.39375906
-89.5608453498	29.3928435187
-89.5179674983	29.4583047227
-89.7079423209	29.5625238422
-89.6137941558	29.5741206989
-89.6929884794	29.6066224155
-89.6279850462	29.6157778286
-89.6675059129	29.6911573968
-89.5629816129	29.6574349584
-89.6392767224	29.763790341
-89.4274814984	29.6762035554
-89.5312428473	29.7866788739
-89.4250400549	29.7279316396
-89.4700541695	29.8170443275
-89.4166475929	29.7479209583
-89.3409628443	29.7808804456
-89.4219882506	29.8240634775
-89.3067826352	29.8138399329
-89.2379644465	29.8875410086
-89.3282978561	29.861295491
-89.3792629892	29.9670405127
-89.480125124	29.9537651637
-89.4651712825	30
> Shore Bin # 243, Level 1
-87.4595254444	20
-87.4541847868	20.1631189441
-87.2784008545	20.4525825895
-86.8726634623	20.8448920424
-86.7380788891	21.1386282139
-86.8056763561	21.1848630503
-86.7899595636	21.3426413367
-86.8491645686	21.2541390097
-87.0373083085	21.5906004425
-87.1113145647	21.5907530327
-87.1171129931	21.4734111543
-87.224383917	21.4190890364
-88.1368734264	21.629968719
-88.6204318303	21.5249866484
-88.8395513848	21.4041351949
-89.8542763409	21.2489509422
-90	21.1822690166
> Shore Bin # 243, Level 1
-85.5266651408	30
-85.316395819	29.834134432
-85.3592736706	29.680170901
-85.41466392	29.8554970626
-85.3566796368	29.663385977
-84.9947356374	29.7132829786
-84.8561837186	29.8139925231
-84.8877698939	29.7183184558
-84.5189593347	29.915007248
-84.3465323873	29.896849012
-84.4353398947	29.9940489815
-84.3416495003	29.9710078584
-84.3607232776	30
> Shore Bin # 243, Level 1
-89.573510338	30
-89.5803768978	29.9966430152
-89.6116578927	29.8721293965
-89.7074845502	29.8770122835
-89.7257953765	29.9571221485
-89.8107881285	29.9154650187
-89.8561074235	30
> Shore Bin # 244, Level 1
-74.8711375601	20
-74.8108644236	20.0395208667
-74.2700846876	20.066224155
-74.1429770352	20.2458228428
-74.22995346	20.3161669337
-74.3883421073	20.2819867247
-74.7342641337	20.6163118944
-74.9492637522	20.6854352636
-75.3224994278	20.7203784237
-75.3224994278	20.6536964981
-75.4341954681	20.7454032197
-75.5608453498	20.6796368353
-75.6183718624	20.7771419852
-75.7183184558	20.6811627375
-75.7750820172	20.8378728923
-75.5529106584	20.7949950408
-75.6771190967	20.8758678569
-75.5753414206	21.009079118
-75.7000076295	21.1187914855
-76.0199893187	21.0653849088
-76.4208438239	21.2811474784
-76.535896849	21.2663462272
-76.4754711223	21.221637293
-76.5334554055	21.181200885
-76.6071564813	21.2100404364
-76.548409247	21.2895399405
-76.6524757763	21.300373846
-76.6507972839	21.2454413672
-76.73868925	21.280842298
-76.65506981	21.3545433738
-76.8024719615	21.3904020752
-76.8925001907	21.2988479438
-76.8137636378	21.3908598459
-76.9616235599	21.4346532387
-77.0658426795	21.5954833295
-77.2191958495	21.444571603
-77.2787060349	21.5182726787
-77.2037842374	21.544975967
-77.3670557717	21.604180972
-77.1534294652	21.5420767529
-77.1400015259	21.6629282063
-77.4390783551	21.8071259632
-77.3328755627	21.6400396735
-77.4207675288	21.6487373159
-77.4657816434	21.7770656901
-77.7399862669	21.7962920577
-77.8333714809	21.9737544823
-77.8924238956	21.8594644083
-78.0584420539	22.0737010758
-78.3042648966	22.1446555276
-78.3984130617	22.2528419928
-78.6991683833	22.3837644007
-78.7150377661	22.2920576791
-78.7774471656	22.3887998779
-79.3667505913	22.4237430381
-79.6491950866	22.7612726024
-79.857175555	22.7983520256
-79.7917143511	22.9054703593
-79.9633783474	22.8520637827
-80	22.9288166629
> Shore Bin # 244, Level 1
-80	21.7306782635
-79.9908445869	21.7254901961
-79.868314641	21.7529564355
-79.8258945602	21.6670481422
-79.7650110628	21.7161821927
-79.2150759136	21.5420767529
-78.7508964675	21.6369878691
-78.6904707408	21.5808346685
-78.7795834287	21.5341420615
-78.6575112535	21.537956817
-78.5046158541	21.2765697719
-78.4895094224	21.0283054856
-78.1432822156	20.7586785687
-78.0416571298	20.699626154
-77.2408636606	20.6654459449
-77.2495613031	20.5458152132
-77.0788128481	20.5041580835
-77.1154345006	20.3566033417
-77.5825131609	20.092011902
-77.6395819028	20
> Shore Bin # 244, Level 1
-75.1750972763	20
-75.1795223926	20.012512398
-75.1091783017	20.0604257267
-75.129625391	20
> Shore Bin # 244, Level 1
-75.9072251469	20
-75.8724345769	20.0279240101
-75.8721293965	20
