> Border Bin # 131, Level 2
-120.000762951	59.9993896391
-120.002288853	53.8072785534
-120	53.8057526513
> Border Bin # 131, Level 2
-120.000762951	59.9993896391
-120.002288853	53.8074311437
-120	53.8059052415
> Border Bin # 131, Level 2
-130	59.9980163272
-121.348897536	59.9983215076
-120	59.9984740978
> Border Bin # 131, Level 2
-130	59.9980163272
-121.349202716	59.9983215076
-120	59.9984740978
> Border Bin # 132, Level 2
-120	53.8057526513
-119.732509346	53.6231021592
-119.929655909	53.612573434
-119.90966659	53.5291065843
-119.636987869	53.3516441596
-119.385824369	53.3617151141
-119.255207141	53.1921873808
-119.020218204	53.1369497215
-118.978866255	53.2372014954
-118.830243381	53.174181735
-118.625009537	52.8841077287
-118.4180972	52.8407721065
-118.2230869	52.3656061646
-117.989929046	52.4861524376
-117.734493019	52.3903257801
-117.829709316	52.2728313115
-117.748073548	52.1940947585
-117.592431525	52.130312047
-117.318837263	52.181887541
-116.937514305	51.7196917678
-116.66910811	51.8042267491
-116.262149996	51.3167009995
-115.618829633	50.9689478904
-115.638056001	50.8450446326
-115.335622187	50.7252613107
-115.218890669	50.5468833448
-115.000534066	50.56443122
-114.770275425	50.3582818341
-114.658884565	50.0653086137
-114.651255055	50
> Border Bin # 132, Level 2
-120	53.8059052415
-119.732509346	53.6231021592
-119.929655909	53.612573434
-119.90966659	53.5291065843
-119.636987869	53.3516441596
-119.385824369	53.3617151141
-119.255207141	53.1921873808
-119.028610666	53.1355764096
-118.978561074	53.2372014954
-118.830243381	53.174181735
-118.625009537	52.8841077287
-118.4180972	52.8407721065
-118.2230869	52.3656061646
-117.989929046	52.4861524376
-117.734493019	52.3903257801
-117.829709316	52.2728313115
-117.748073548	52.1940947585
-117.592431525	52.130312047
-117.318837263	52.181887541
-116.937514305	51.7196917678
-116.66910811	51.8042267491
-116.262149996	51.3167009995
-115.618677043	50.9691004807
-115.638056001	50.8450446326
-115.340047303	50.7286182956
-115.218890669	50.5468833448
-115.000534066	50.56443122
-114.772564279	50.3619439994
-114.658884565	50.0653086137
-114.651255055	50
> Border Bin # 132, Level 2
-120	59.9984740978
-112.499427787	59.9987792782
-110	59.9989318685
> Border Bin # 132, Level 2
-120	59.9984740978
-112.499732967	59.9987792782
-110	59.9989318685
> Border Bin # 132, Level 2
-110.000610361	50
-110.000610361	54.4994277867
-110.000610361	59.9993896391
> Border Bin # 132, Level 2
-110.000610361	50
-110.000610361	54.4994277867
-110.000610361	59.9993896391
> Border Bin # 133, Level 2
-110	59.9989318685
-103.649958038	59.9992370489
-100	59.9993896391
> Border Bin # 133, Level 2
-110	59.9989318685
-103.650263218	59.9992370489
-100	59.9993896391
> Border Bin # 133, Level 2
-101.459983215	50
-102.001068132	55.8164339666
-102.001678492	59.9993896391
> Border Bin # 133, Level 2
-101.459983215	50
-102.001068132	55.8164339666
-102.001678492	59.9993896391
> Border Bin # 134, Level 2
-100	59.9993896391
-94.8004882887	59.9996948196
> Border Bin # 134, Level 2
-100	59.9993896391
-94.8007934691	59.9996948196
> Border Bin # 134, Level 2
-95.1528191043	50
-95.153276875	52.8241397726
-93.652246891	53.7222858015
-90	56.1434348058
> Border Bin # 134, Level 2
-95.1528191043	50
-95.153276875	52.8241397726
-93.652246891	53.7222858015
-90	56.1434348058
> Border Bin # 135, Level 2
-90	56.1434348058
-88.9425497826	56.8444342718
> Border Bin # 135, Level 2
-90	56.1434348058
-88.9425497826	56.8444342718
> Border Bin # 136, Level 2
-79.5388723583	51.1847104601
-79.5507743954	50
> Border Bin # 136, Level 2
-79.5388723583	51.1847104601
-79.5507743954	50
> Border Bin # 136, Level 2
-79.5455863279	51.4589150835
-79.5394827192	51.1917296101
> Border Bin # 136, Level 2
-79.5455863279	51.4589150835
-79.5394827192	51.1917296101
> Border Bin # 137, Level 2
-63.5503166247	52.896162356
-63.6346990158	53.0942244602
-63.7683680476	53.1183337148
-63.9281300069	53.0716411078
-63.9600213626	52.8677805753
-64.1724269474	52.850843061
-64.1158159762	52.1513694972
-64.2577248798	52.1280231937
-64.3308155947	51.9652094301
-64.264133669	51.7396810864
-64.5915922789	51.5597772183
-64.7180895705	51.747768368
-64.5877775235	51.8289463645
-64.8458075837	51.9308766308
-64.8532845045	52.0219729915
-65.1085679408	52.1709010452
-65.4535744259	52.2079804685
-65.567254139	52.046692607
-65.7586022736	52.1113908598
-65.9169909209	52.0508125429
-66.2755779355	52.3117418173
-66.3297474632	52.1408407721
-66.4110780499	52.177004654
-66.4357976654	52.7002365148
-66.2691691463	52.8833447776
-66.4769970245	53.0341039139
-66.5252155337	52.9433127337
-66.6521705959	52.9399557488
-66.672465095	52.7211413748
-66.8133058671	52.6642252232
-66.8746471351	52.7478446632
-66.883649958	52.6750591287
-67.0739299611	52.7028305486
-66.9025711452	53.326161593
-67.0678263523	53.3841458762
-67.1419851987	53.5422293431
-67.4918745708	53.6038757916
-67.4363317311	53.7921721218
-67.7827115282	54.0535591669
-67.485008011	54.2342259861
-67.6014343481	54.5664148928
-67.3055619135	54.5041580835
-67.21950103	54.6074616617
-67.0363927672	54.6216525521
-67.2138551919	54.66895552
-67.4283970397	55.0711833371
-67.2738231479	55.0666056306
-67.309376669	55.0154879072
-66.9469748989	54.8017090105
-66.7277027543	54.7319752804
-66.6050202182	54.7908751049
-66.765850309	55.1055161364
-66.6889448386	55.2042420081
-66.839703975	55.3325703822
-66.576333257	55.2506294347
-66.2400244144	54.9919890135
-65.8583962768	54.9077592126
-65.6899366751	54.7133592737
-64.3472953384	54.7553215839
-63.7207598993	54.5966277562
-63.4352635996	54.9736781872
-63.5661860075	55.0603494316
-63.5150682841	55.1894407568
-63.0936140993	55.3344014649
-63.1441214618	55.5263599603
-63.448081178	55.5994506752
-63.7152666514	55.8591592279
-63.6942092012	55.942168307
-63.4450293736	56.0227359426
-63.8133821622	56.0425726711
-63.8477149615	56.1202410925
-64.0158693828	56.0727855344
-63.8770122835	56.2172884718
-64.0866712444	56.2590981918
-64.1696803235	56.4232852674
-63.8713664454	56.4394598306
-64.1293965057	56.7103074693
-63.8713664454	56.8780041199
-63.7410543984	57.232776379
-63.8147554742	57.2797741665
-63.8553444724	57.1938658732
-63.8760967422	57.2428473335
-63.7097734035	57.3725490196
-63.7650110628	57.5738155184
-63.591668574	57.7300679026
-63.7006179904	57.6627756161
-63.9266041047	57.797207599
-64.0575265126	57.7694361791
-64.2085908293	58.0332646677
-64.4319829099	58.0860608835
-64.1564049744	58.3483634699
-63.819485771	58.4713511864
-63.8869306477	58.563057908
-64.0842298009	58.5555809873
-64.0511177234	58.6761272602
-63.4796673533	58.765850309
-63.7128252079	58.8796826123
-64.156099794	58.7452506294
-64.3002975509	58.8824292363
-64.8833447776	58.9318684672
-64.7200732433	59.0699626154
-64.2914473182	59.0052643626
-64.5346761273	59.1975280385
-64.5069047074	59.4283970397
-64.3402761883	59.4964522774
-64.7008468757	59.4457923247
-64.8268863966	59.5310902571
-64.8142214084	59.8188754101
-64.6535439078	59.9299610895
-64.8035400931	60
> Border Bin # 137, Level 2
-64.8035400931	60
-64.6535439078	59.9299610895
-64.8142214084	59.8188754101
-64.8268863966	59.5310902571
-64.7008468757	59.4457923247
-64.3402761883	59.4964522774
-64.5069047074	59.4283970397
-64.5346761273	59.1975280385
-64.2914473182	59.0052643626
-64.7200732433	59.0699626154
-64.8833447776	58.9318684672
-64.3002975509	58.8824292363
-64.156099794	58.7452506294
-63.7128252079	58.8796826123
-63.4796673533	58.765850309
-64.0514229038	58.6761272602
-64.0842298009	58.5555809873
-63.8869306477	58.563057908
-63.819485771	58.4713511864
-64.1564049744	58.3483634699
-64.4319829099	58.0860608835
-64.2085908293	58.0332646677
-64.0575265126	57.7694361791
-63.9266041047	57.797207599
-63.7006179904	57.6627756161
-63.591668574	57.7300679026
-63.7650110628	57.5738155184
-63.7097734035	57.3725490196
-63.8760967422	57.2428473335
-63.8553444724	57.1938658732
-63.8147554742	57.2797741665
-63.7410543984	57.232776379
-63.8713664454	56.8780041199
-64.1293965057	56.7103074693
-63.8713664454	56.4394598306
-64.1696803235	56.4232852674
-64.0866712444	56.2590981918
-63.8770122835	56.2172884718
-64.0158693828	56.0727855344
-63.8477149615	56.1202410925
-63.8133821622	56.0425726711
-63.4450293736	56.0227359426
-63.6942092012	55.942168307
-63.7152666514	55.8591592279
-63.448081178	55.5994506752
-63.1441214618	55.5263599603
-63.0936140993	55.3344014649
-63.5150682841	55.1894407568
-63.5661860075	55.0600442512
-63.4352635996	54.9736781872
-63.7207598993	54.5966277562
-64.3472953384	54.7553215839
-65.6899366751	54.7133592737
-65.8583962768	54.9077592126
-66.2400244144	54.9919890135
-66.576333257	55.2506294347
-66.839703975	55.3325703822
-66.6889448386	55.2042420081
-66.765850309	55.1055161364
-66.6050202182	54.7908751049
-66.7277027543	54.7319752804
-66.9469748989	54.8017090105
-67.309376669	55.0154879072
-67.2741283284	55.0666056306
-67.4283970397	55.0708781567
-67.2138551919	54.66895552
-67.0363927672	54.6216525521
-67.21950103	54.6074616617
-67.3055619135	54.5041580835
-67.6014343481	54.5664148928
-67.485008011	54.2339208057
-67.7830167086	54.0535591669
-67.4363317311	53.7921721218
-67.4918745708	53.6035706111
-67.1419851987	53.5422293431
-67.0678263523	53.3841458762
-66.9025711452	53.326161593
-67.0739299611	52.7028305486
-66.883649958	52.6750591287
-66.8746471351	52.7478446632
-66.8136110475	52.6642252232
-66.672465095	52.7211413748
-66.6521705959	52.9399557488
-66.5255207141	52.9430075532
-66.4769970245	53.0341039139
-66.2694743267	52.8833447776
-66.4357976654	52.7002365148
-66.4110780499	52.177004654
-66.3297474632	52.1408407721
-66.2667277028	52.3114366369
-65.9169909209	52.0505073625
-65.7586022736	52.1113908598
-65.567254139	52.0463874266
-65.4535744259	52.2079804685
-65.1085679408	52.1709010452
-64.8532845045	52.0219729915
-64.8458075837	51.9308766308
-64.5880827039	51.8289463645
-64.7180895705	51.747768368
-64.5915922789	51.5597772183
-64.264133669	51.7396810864
-64.3308155947	51.9652094301
-64.2577248798	52.1280231937
-64.1158159762	52.1513694972
-64.1724269474	52.850843061
-63.9600213626	52.8677805753
-63.9281300069	53.0716411078
-63.7683680476	53.1183337148
-63.6346990158	53.0939192798
-63.5503166247	52.896162356
> Border Bin # 137, Level 2
-63.5960936904	52.7750057221
-63.3827725643	52.6460669871
-63.8631265736	52.6128023194
-64.0808728161	52.4760814832
-63.9302662699	52.4177920195
-63.9797055009	52.358892195
-63.7511253529	52.3250171664
-63.6369878691	52.0456244755
-63.8246738384	52.0704966812
-63.7524986648	52
-60	52
> Border Bin # 137, Level 2
-63.5960936904	52.7750057221
-63.3827725643	52.6460669871
-63.8631265736	52.6128023194
-64.0808728161	52.4760814832
-63.9302662699	52.4177920195
-63.987487602	52.3625543603
-63.7511253529	52.3250171664
-63.6369878691	52.0456244755
-63.8246738384	52.0704966812
-63.7524986648	52
-60	52
> Border Bin # 167, Level 2
-120	45.8095674067
-120.357518883	45.7108415351
-120.612191958	45.7549401083
-121.145342184	45.6160830091
-121.299153124	45.714961471
-121.795071336	45.7203021286
-122.27191577	45.5666437781
-122.730907149	45.6580453193
-122.806897078	45.9813839933
-123.088883803	46.189517052
-123.365224689	46.1655603876
-123.443350881	46.2806134127
-124.085603113	46.2803082322
> Border Bin # 167, Level 2
-124.085603113	46.2803082322
-123.443656062	46.2806134127
-123.365224689	46.1655603876
-123.088883803	46.189517052
-122.806897078	45.9810788128
-122.730907149	45.6580453193
-122.272220951	45.5666437781
-121.795071336	45.7203021286
-121.299153124	45.714961471
-121.145342184	45.6157778286
-120.612191958	45.7549401083
-120.357518883	45.7108415351
-120	45.8095674067
> Border Bin # 167, Level 2
-120.000762951	41.9993896391
-120.001068132	40
> Border Bin # 167, Level 2
-120.000762951	41.9993896391
-120.001220722	40
> Border Bin # 167, Level 2
-124.217441062	41.9996948196
-120	41.9996948196
> Border Bin # 167, Level 2
-124.217441062	41.9996948196
-120	41.9996948196
> Border Bin # 168, Level 2
-114.651255055	50
-114.625009537	49.7744716564
-114.74555581	49.5866330968
-114.576333257	49.5558098726
-114.576333257	49.3899443046
-114.367437247	49.2010376135
-114.154116121	49.1480888075
-114.058289464	48.9980926223
> Border Bin # 168, Level 2
-114.651255055	50
-114.625009537	49.7744716564
-114.74555581	49.5866330968
-114.576333257	49.556115053
-114.576333257	49.3899443046
-114.372777905	49.2042420081
-114.154116121	49.1480888075
-114.058594644	48.9971770809
> Border Bin # 168, Level 2
-110	40.9999237049
-111.050278477	40.9997711147
-111.050888838	45.0000762951
-110	45.0003814755
> Border Bin # 168, Level 2
-110	40.9999237049
-111.049973297	40.9997711147
-111.050583658	45.0000762951
-110	45.0003814755
> Border Bin # 168, Level 2
-116.048371099	48.9994659342
-116.049134051	47.9932860304
-115.720759899	47.7080949111
-115.737544823	47.5558098726
-115.634699016	47.4843976501
-115.725032425	47.4372472724
-115.318379492	47.2561226825
-114.764934768	46.7147325856
-114.669413291	46.7510490578
-114.576333257	46.6443884947
-114.325017166	46.6691081102
-114.504768444	46.1597619593
-114.381933318	45.8924238956
-114.554970626	45.7795071336
-114.548561837	45.567254139
-114.307011521	45.4778362707
-113.990844587	45.7036697948
-113.798275731	45.6069275959
-113.718623636	45.3127336538
-113.436179141	45.0218966964
-113.434653239	44.8624399176
-113.141069657	44.7766842145
-112.995803769	44.4588387884
-112.83634699	44.3710994125
-112.75226978	44.489204242
-112.378881514	44.4567025254
-112.238651102	44.5722133211
-111.457236591	44.548409247
-111.496147097	44.6442359045
-111.363088426	44.7583733883
-111.050278477	44.4960708019
> Border Bin # 168, Level 2
-116.048371099	48.9994659342
-116.049134051	47.9932860304
-115.720759899	47.7080949111
-115.737544823	47.5558098726
-115.634699016	47.4843976501
-115.725032425	47.4372472724
-115.318379492	47.2561226825
-114.764934768	46.7147325856
-114.669413291	46.7510490578
-114.576333257	46.6443884947
-114.325017166	46.6691081102
-114.504463264	46.1597619593
-114.381933318	45.8924238956
-114.554665446	45.7795071336
-114.548561837	45.567254139
-114.307011521	45.4778362707
-113.990844587	45.7036697948
-113.798275731	45.6069275959
-113.718623636	45.3130388342
-113.436179141	45.0218966964
-113.434500649	44.8624399176
-113.141069657	44.7766842145
-112.995803769	44.4588387884
-112.83634699	44.371404593
-112.75226978	44.489204242
-112.378576333	44.4570077058
-112.238651102	44.5725185016
-111.457236591	44.548409247
-111.496147097	44.6442359045
-111.363088426	44.7583733883
-111.050278477	44.4963759823
> Border Bin # 168, Level 2
-116.886396582	46.001373312
-118.993667506	45.9993896391
-119.57503624	45.9269092851
-120	45.8095674067
> Border Bin # 168, Level 2
-120	45.8095674067
-119.57503624	45.9269092851
-118.993667506	45.9993896391
-116.886396582	46.001373312
> Border Bin # 168, Level 2
-117.017013809	41.9993896391
-117.028305486	43.8152132448
-116.89173724	44.1753261616
-116.985275044	44.2677958343
-117.189440757	44.2911421378
-117.213855192	44.4766918441
-116.895857176	44.8311589227
-116.453345541	45.6069275959
-116.546120394	45.7622644388
-116.841077287	45.9147020676
-117.04554818	46.3707942321
-117.039749752	49.0000762951
> Border Bin # 168, Level 2
-117.017013809	41.9993896391
-117.028000305	43.8152132448
-116.89173724	44.1753261616
-116.985275044	44.2681010147
-117.189135576	44.2911421378
-117.213855192	44.4766918441
-116.895857176	44.8311589227
-116.453345541	45.6069275959
-116.546120394	45.7622644388
-116.837567712	45.9102769512
-117.045243	46.3707942321
-117.039749752	49.0000762951
> Border Bin # 168, Level 2
-120	41.9996948196
-117.633936065	41.9996948196
-111.050278477	41.9996948196
> Border Bin # 168, Level 2
-120	41.9996948196
-117.633936065	41.9996948196
-111.050278477	41.9996948196
> Border Bin # 168, Level 2
-114.04165713	41.9996948196
-114.04180972	40
> Border Bin # 168, Level 2
-114.04165713	41.9996948196
-114.04180972	40
> Border Bin # 168, Level 2
-110.000610361	48.9994659342
-110.000610361	50
> Border Bin # 168, Level 2
-110.000610361	48.9994659342
-110.000610361	50
> Border Bin # 168, Level 2
-114.058289464	48.9980926223
-114.058899825	48.9971770809
> Border Bin # 169, Level 2
-109.046463722	40
-109.046463722	41.0000762951
-110	40.9999237049
> Border Bin # 169, Level 2
-110	45.0003814755
-104.005035477	45.0022125582
-104.033264668	49.006942855
> Border Bin # 169, Level 2
-109.046463722	40
-109.046463722	41.0000762951
-110	40.9999237049
> Border Bin # 169, Level 2
-110	45.0003814755
-104.005035477	45.0022125582
-104.033264668	49.0072480354
> Border Bin # 169, Level 2
-109.050278477	40.9997711147
-102.027466239	40.9991607538
-102.024261845	40
> Border Bin # 169, Level 2
-109.050278477	40.9997711147
-102.027161059	40.9991607538
-102.024109255	40
> Border Bin # 169, Level 2
-104.021667811	41.0045014115
-104.037232013	45.0002288853
> Border Bin # 169, Level 2
-104.021667811	41.0045014115
-104.037232013	45.0002288853
> Border Bin # 169, Level 2
-104.010528725	45.9420157168
-100	45.9418631266
> Border Bin # 169, Level 2
-104.010528725	45.9420157168
-100	45.9418631266
> Border Bin # 169, Level 2
-102.023956664	40.0003051804
-100	40.0001525902
> Border Bin # 169, Level 2
-102.024109255	40.0003051804
-100	40.0001525902
> Border Bin # 169, Level 2
-101.366903182	49.0000762951
-101.459983215	50
> Border Bin # 169, Level 2
-101.366903182	49.0000762951
-101.459983215	50
> Border Bin # 169, Level 2
-104.028839551	43.0002288853
-100	43.000686656
> Border Bin # 169, Level 2
-104.028839551	43.0002288853
-100	43.000686656
> Border Bin # 170, Level 2
-91.4399938964	40.3765926604
-91.5164415961	40.1168841077
-91.4747844663	40
> Border Bin # 170, Level 2
-91.4399938964	40.3765926604
-91.5164415961	40.1168841077
-91.4747844663	40
> Border Bin # 170, Level 2
-98.4888990616	43.0038910506
-98.0067139696	42.78049897
-97.8477149615	42.8667124437
-97.2513923857	42.8732738231
-96.7019150072	42.6721599145
-96.6199740597	42.526131075
-96.3894102388	42.4899671931
-96.3422598611	42.180514229
-96.059205005	41.798580911
-96.0856031128	41.5411612116
-95.988860914	41.5381094072
-95.954680705	41.3371480888
-95.8719768063	41.3046463722
-95.869687953	40.7180895705
-95.6905470359	40.5146868086
-95.6533150225	40.3091477836
-95.4671549554	40.2325474937
-95.4207675288	40.0379949645
-95.3513389792	40
> Border Bin # 170, Level 2
-98.4888990616	43.0038910506
-98.0067139696	42.78049897
-97.8477149615	42.8667124437
-97.2513923857	42.8732738231
-96.7019150072	42.6721599145
-96.6199740597	42.526131075
-96.3894102388	42.4899671931
-96.3422598611	42.180514229
-96.059205005	41.798580911
-96.0856031128	41.5411612116
-95.988860914	41.5381094072
-95.954680705	41.3371480888
-95.8719768063	41.3046463722
-95.869687953	40.7180895705
-95.6905470359	40.5146868086
-95.6533150225	40.3091477836
-95.4671549554	40.2325474937
-95.4207675288	40.0379949645
-95.3513389792	40
> Border Bin # 170, Level 2
-95.7627222095	40.6009002823
-91.7399862669	40.6266880293
-91.507286183	40.4072632944
-91.379110399	40.3910887312
-91.4108491646	40.5667200732
-91.1433585107	40.6720073243
-90.9474326696	40.9767299916
-90.9611657893	41.105210956
-91.1044480049	41.2303349355
-91.0408178836	41.4050507362
-90.3555352102	41.5841916533
-90.1397726406	41.9929808499
-90.1692225528	42.119172961
-90.6413366903	42.4699778744
-90.6921492332	42.6436255436
-91.0475318532	42.7350270848
-91.1589227131	43.0763714046
> Border Bin # 170, Level 2
-95.7627222095	40.6009002823
-91.7399862669	40.6269932097
-91.507286183	40.4072632944
-91.379110399	40.3910887312
-91.4105439841	40.5667200732
-91.1433585107	40.6720073243
-90.9474326696	40.9767299916
-90.9611657893	41.105210956
-91.1044480049	41.2303349355
-91.0408178836	41.4050507362
-90.3555352102	41.5841916533
-90.1397726406	41.9929808499
-90.1692225528	42.119172961
-90.6413366903	42.4699778744
-90.6921492332	42.6436255436
-91.0475318532	42.7350270848
-91.1589227131	43.0763714046
> Border Bin # 170, Level 2
-95.1528191043	49.3766689555
-95.1528191043	50
> Border Bin # 170, Level 2
-95.1528191043	49.3766689555
-95.1528191043	50
> Border Bin # 170, Level 2
-96.453650721	43.4995040818
-96.453650721	45.2970168612
-96.8596932937	45.5967040513
-96.5711451896	45.8489356832
-96.5542076753	46.0950637064
-96.800030518	46.6504921035
-96.8549629969	47.5967040513
-97.0005340658	47.9200427253
> Border Bin # 170, Level 2
-96.453650721	43.4995040818
-96.453650721	45.2970168612
-96.8596932937	45.5970092317
-96.5711451896	45.8489356832
-96.5542076753	46.0950637064
-96.800030518	46.6504921035
-96.8549629969	47.5967040513
-97.0005340658	47.9200427253
> Border Bin # 170, Level 2
-90.4110780499	46.5822842756
-90.2227817197	46.5072098878
-90.1239032578	46.3396658274
-90	46.3146410315
> Border Bin # 170, Level 2
-90.4110780499	46.5822842756
-90.2227817197	46.5069047074
-90.1242084382	46.3396658274
-90	46.3144884413
> Border Bin # 170, Level 2
-100	45.9418631266
-96.5563439384	45.9417105364
> Border Bin # 170, Level 2
-100	45.9418631266
-96.5563439384	45.9417105364
> Border Bin # 170, Level 2
-96.5075150683	42.9999237049
-96.4524299992	43.1258106355
-96.479438468	43.2175173571
-96.5738918135	43.2283512627
-96.6024261845	43.4999618524
-91.220874342	43.5008773938
> Border Bin # 170, Level 2
-96.5069047074	42.9994659342
-96.4524299992	43.1258106355
-96.479438468	43.2175173571
-96.5738918135	43.2283512627
-96.6024261845	43.4999618524
-91.220874342	43.5008773938
> Border Bin # 170, Level 2
-91.9191271839	46.753337911
-92.02090486	46.7103074693
-92.1245136187	46.764476997
-92.2925154498	46.6660563058
-92.2931258106	46.0830090791
-92.6967269398	45.9133287556
-92.886396582	45.7088578622
-92.8958571756	45.5841916533
-92.7566948959	45.5568780041
-92.6591897459	45.4254978256
-92.7602044709	45.2896925307
-92.8216983291	44.7539482719
> Border Bin # 170, Level 2
-92.8216983291	44.7539482719
-92.7602044709	45.2896925307
-92.6591897459	45.4254978256
-92.7566948959	45.5568780041
-92.8958571756	45.5841916533
-92.886396582	45.7088578622
-92.6967269398	45.9133287556
-92.2931258106	46.0830090791
-92.2925154498	46.6660563058
-92.1245136187	46.764476997
-92.0205996796	46.7103074693
-91.9191271839	46.753337911
> Border Bin # 170, Level 2
-100	40.0001525902
-98.6623941405	40
> Border Bin # 170, Level 2
-100	40.0001525902
-98.6625467308	40
> Border Bin # 170, Level 2
-100	43.000686656
-98.4888990616	43.0008392462
> Border Bin # 170, Level 2
-100	43.000686656
-98.4888990616	43.0008392462
> Border Bin # 170, Level 2
-90	42.5064469368
-90.6378271153	42.5108720531
> Border Bin # 170, Level 2
-90	42.5064469368
-90.6378271153	42.5108720531
> Border Bin # 170, Level 2
-96.9991607538	47.9172961013
-97.1311512932	48.1499961852
-97.0925459678	48.6561379416
-97.220874342	48.9974822614
> Border Bin # 170, Level 2
-96.9991607538	47.9172961013
-97.1311512932	48.1499961852
-97.0925459678	48.6561379416
-97.220874342	48.9974822614
> Border Bin # 170, Level 2
-92.1208514534	44.420233463
-91.3488975357	43.9180590524
> Border Bin # 170, Level 2
-92.1208514534	44.420233463
-91.3488975357	43.9180590524
> Border Bin # 170, Level 2
-91.1636530098	43.0788128481
-91.0797283894	43.291981384
-91.2086671244	43.3614099336
-91.2700083925	43.7239642939
> Border Bin # 170, Level 2
-91.1633478294	43.0788128481
-91.0797283894	43.291981384
-91.2086671244	43.3614099336
-91.2700083925	43.7239642939
> Border Bin # 170, Level 2
-96.5000381476	43.0005340658
-96.6396581979	42.7394522011
-96.4827954528	42.5130083162
> Border Bin # 170, Level 2
-96.5000381476	43.0005340658
-96.6396581979	42.7394522011
-96.4827954528	42.5130083162
> Border Bin # 170, Level 2
-92.1258869306	44.4208438239
-92.5952544442	44.6124971389
> Border Bin # 170, Level 2
-92.1258869306	44.4208438239
-92.5955596246	44.6124971389
> Border Bin # 170, Level 2
-92.8169680323	44.7522697795
-92.5905241474	44.6114290074
> Border Bin # 170, Level 2
-92.8169680323	44.7522697795
-92.5908293278	44.6114290074
> Border Bin # 170, Level 2
-90	47.2353704128
-90.0483710994	47.1589227131
> Border Bin # 170, Level 2
-90	47.2353704128
-90.0483710994	47.1589227131
> Border Bin # 170, Level 2
-91.2625314717	43.7842374304
-91.3482871748	43.9203479057
> Border Bin # 170, Level 2
-91.2625314717	43.7843900206
-91.3482871748	43.9203479057
> Border Bin # 170, Level 2
-90.5078202487	47.3044937819
-90.7631036851	47.256427863
> Border Bin # 170, Level 2
-90.5078202487	47.3044937819
-90.7631036851	47.256427863
> Border Bin # 170, Level 2
-91.2753490501	47.0296787976
-91.5091172656	46.9225604639
> Border Bin # 170, Level 2
-91.2755016403	47.0296787976
-91.5091172656	46.9225604639
> Border Bin # 170, Level 2
-90	47.2916762036
-90.0917067216	47.2922865644
> Border Bin # 170, Level 2
-90	47.2916762036
-90.0917067216	47.2922865644
> Border Bin # 170, Level 2
-91.2619211109	43.7816433967
-91.2689402609	43.7257953765
> Border Bin # 170, Level 2
-91.2619211109	43.7813382162
-91.2689402609	43.7257953765
> Border Bin # 171, Level 2
-80.5169756619	40.6427100023
-80.6727702754	40.5918974594
-80.6027313649	40.312199588
-80.7269398032	40
> Border Bin # 171, Level 2
-80.5169756619	40.6427100023
-80.6727702754	40.5918974594
-80.6027313649	40.312199588
-80.7267872129	40
> Border Bin # 171, Level 2
-90	46.3146410315
-88.1158159762	45.9322499428
-88.1182574197	45.8052948806
-87.8002594034	45.6841382467
-87.880827039	45.3664454108
-87.6760509651	45.38673991
-87.7349507897	45.1871519036
-87.5967040513	45.1041428244
> Border Bin # 171, Level 2
-90	46.3144884413
-88.1158159762	45.9322499428
-88.1182574197	45.8052948806
-87.8002594034	45.6841382467
-87.8825055314	45.3711757076
-87.6760509651	45.38673991
-87.7349507897	45.1871519036
-87.5970092317	45.1041428244
> Border Bin # 171, Level 2
-86.8342107271	41.7596704051
-84.7966735332	41.758907454
-84.8145265888	40
> Border Bin # 171, Level 2
-86.8342107271	41.7596704051
-84.7966735332	41.758907454
-84.8145265888	40
> Border Bin # 171, Level 2
-80.5194171054	40
-80.5197222858	41.9775692378
> Border Bin # 171, Level 2
-80.5197222858	41.9775692378
-80.5194171054	40
> Border Bin # 171, Level 2
-87.5213244831	41.7131303883
-87.5292591745	40
> Border Bin # 171, Level 2
-87.5213244831	41.7131303883
-87.5292591745	40
> Border Bin # 171, Level 2
-87.8033112078	42.4916456855
-90	42.5064469368
> Border Bin # 171, Level 2
-87.8033112078	42.4916456855
-90	42.5064469368
> Border Bin # 171, Level 2
-87.5991454948	45.1021591516
-87.4589150835	45.0713359274
-87.4155794614	45.2066834516
-87.1050583658	45.448081178
-86.7614251926	45.4547951476
-86.2719157702	45.2507820249
> Border Bin # 171, Level 2
-87.5991454948	45.1021591516
-87.4589150835	45.0713359274
-87.4155794614	45.2066834516
-87.1050583658	45.448081178
-86.7614251926	45.4547951476
-86.2722209506	45.2507820249
> Border Bin # 171, Level 2
-83.4657816434	41.7383077745
-84.7994201572	41.6990920882
> Border Bin # 171, Level 2
-83.4657816434	41.7383077745
-84.7994201572	41.6990920882
> Border Bin # 171, Level 2
-87.0432593271	42.8352788586
-87.076676585	42.3819333181
> Border Bin # 171, Level 2
-87.0432593271	42.8352788586
-87.076676585	42.3822384985
> Border Bin # 171, Level 2
-86.6094453346	45.0231174182
-86.7953002213	44.7556267643
> Border Bin # 171, Level 2
-86.6094453346	45.0231174182
-86.7953002213	44.7556267643
> Border Bin # 171, Level 2
-87.171435111	43.5124742504
-87.1511406119	43.2080567636
> Border Bin # 171, Level 2
-87.171435111	43.5124742504
-87.1511406119	43.2080567636
> Border Bin # 171, Level 2
-89.9021896696	47.3899443046
-90	47.2353704128
> Border Bin # 171, Level 2
-89.9021896696	47.3899443046
-90	47.2353704128
> Border Bin # 171, Level 2
-86.9724574655	44.2983138781
-87.0356298161	44.0894178683
> Border Bin # 171, Level 2
-86.9724574655	44.2983138781
-87.0356298161	44.0894178683
> Border Bin # 171, Level 2
-87.0783550774	41.7703517205
-87.3417257954	41.7640955215
> Border Bin # 171, Level 2
-87.0783550774	41.7703517205
-87.3417257954	41.7640955215
> Border Bin # 171, Level 2
-89.5080491341	48.0041199359
-89.5950255589	47.8614480812
> Border Bin # 171, Level 2
-89.5080491341	48.0041199359
-89.5950255589	47.8614480812
> Border Bin # 171, Level 2
-87.0414282444	42.4899671931
-87.2321660182	42.490577554
> Border Bin # 171, Level 2
-87.0414282444	42.4899671931
-87.2321660182	42.490577554
> Border Bin # 171, Level 2
-89.9633783474	47.2913710231
-90	47.2916762036
> Border Bin # 171, Level 2
-89.9633783474	47.2913710231
-90	47.2916762036
> Border Bin # 171, Level 2
-87.2175173571	41.8422217136
-87.2344548714	41.7677576867
> Border Bin # 171, Level 2
-87.4688334478	41.7680628672
-87.5333791104	41.7399862669
> Border Bin # 171, Level 2
-87.4688334478	41.7677576867
-87.5333791104	41.7399862669
> Border Bin # 171, Level 2
-87.2175173571	41.8422217136
-87.2344548714	41.7677576867
> Border Bin # 172, Level 2
-79.1555657282	46.812542916
-78.9504844739	46.5116350042
-78.7035934997	46.3372243839
-77.583276112	46.1631189441
-77.1464103151	45.8449683375
-76.9768825818	45.786068513
-76.9227130541	45.8852521553
-76.8105592432	45.8680094606
-76.659952697	45.5819028
-76.3466849775	45.4569314107
-76.0859082933	45.5158312352
-75.8472571908	45.3725490196
-74.9260700389	45.6433966583
-74.3981078813	45.5652704662
-74.4791332876	45.3167009995
-74.324711986	45.2010376135
-74.680857557	45.0035858701
> Border Bin # 172, Level 2
-79.1555657282	46.812542916
-78.9504844739	46.5116350042
-78.709391928	46.3399710079
-77.583276112	46.1631189441
-77.1609063859	45.8506141756
-76.9768825818	45.786068513
-76.9227130541	45.8852521553
-76.7991149767	45.8614480812
-76.659952697	45.5815976196
-76.3469901579	45.4566262303
-76.0860608835	45.5158312352
-75.8472571908	45.3725490196
-74.9260700389	45.6433966583
-74.3981078813	45.5652704662
-74.4791332876	45.3167009995
-74.324711986	45.2010376135
-74.680857557	45.0035858701
> Border Bin # 172, Level 2
-70.8158999008	42.876630808
-71.1291676204	42.8207827878
-71.2947280079	42.7002365148
-73.2533760586	42.7510490578
-73.2411688411	43.542839704
-73.3089188983	43.6269169146
-73.4267185473	43.593041886
-73.3600366217	43.7730983444
-73.4419775692	44.0544747082
-73.2916762036	44.4493781949
-73.379110399	44.61326009
-73.3530174716	45.0099946593
> Border Bin # 172, Level 2
-70.8158999008	42.876630808
-71.1291676204	42.8207827878
-71.2947280079	42.7002365148
-73.2533760586	42.7510490578
-73.2411688411	43.542839704
-73.3089188983	43.6266117342
-73.4267185473	43.593041886
-73.3600366217	43.7730983444
-73.4419775692	44.0544747082
-73.2916762036	44.4493781949
-73.3774319066	44.5978484779
-73.3530174716	45.0096894789
> Border Bin # 172, Level 2
-79.5507743954	50
-79.5764095521	47.4419775692
-79.4207675288	47.0743877317
-79.1572442206	46.8163576715
> Border Bin # 172, Level 2
-79.5507743954	50
-79.5764095521	47.4419775692
-79.4207675288	47.0743877317
-79.1572442206	46.8163576715
> Border Bin # 172, Level 2
-79.7630273899	42.265506981
-79.7630273899	41.998626688
-75.3408102541	41.9993896391
-75.2500190738	41.8739604791
-75.0743877317	41.8236057069
-74.9822232395	41.4900434882
-74.6985580224	41.3716334783
-75.1299305715	40.9883268482
-75.0560769055	40.8772411688
-75.1935606928	40.6828412299
> Border Bin # 172, Level 2
-79.7630273899	42.265506981
-79.7630273899	41.998626688
-75.3408102541	41.9993896391
-75.2500190738	41.8739604791
-75.0743877317	41.8236057069
-74.9822232395	41.4900434882
-74.6985580224	41.3716334783
-75.1302357519	40.9883268482
-75.0560769055	40.8772411688
-75.1935606928	40.6828412299
> Border Bin # 172, Level 2
-71.4941634241	45.0205233845
-71.638361181	44.7502861067
-71.5880064088	44.5210955978
-72.0302128634	44.3070115206
-72.1002517739	43.9674982834
-72.3978027008	43.542839704
-72.5589379721	42.8638132296
-72.464789807	42.7261768521
> Border Bin # 172, Level 2
-71.4941634241	45.0205233845
-71.638361181	44.7502861067
-71.5880064088	44.5210955978
-72.0300602731	44.3070115206
-72.1002517739	43.9674982834
-72.3978027008	43.542839704
-72.5586327916	42.8638132296
-72.464789807	42.7261768521
> Border Bin # 172, Level 2
-75.0399023423	40
-75.0289158465	40.014648661
-74.7269398032	40.1510643168
-75.0472266728	40.4219119554
-75.0760662242	40.5502403296
-75.182574197	40.5688563363
-75.1982909895	40.6846723125
> Border Bin # 172, Level 2
-75.1982909895	40.6846723125
-75.182574197	40.5688563363
-75.0760662242	40.5502403296
-75.0472266728	40.4219119554
-74.7269398032	40.1510643168
-75.0289158465	40.014648661
-75.0395971618	40
> Border Bin # 172, Level 2
-71.0847638666	45.3025101091
-70.9794766155	43.3977264057
-70.741435874	43.0797283894
> Border Bin # 172, Level 2
-71.0847638666	45.3025101091
-70.9794766155	43.3977264057
-70.741435874	43.0797283894
> Border Bin # 172, Level 2
-73.4799725338	42.0549324788
-71.8022430762	42.0280766003
-71.8445105669	41.3214312963
> Border Bin # 172, Level 2
-73.4799725338	42.0549324788
-71.8022430762	42.0280766003
-71.8445105669	41.3214312963
> Border Bin # 172, Level 2
-73.255054551	42.7522697795
-73.5111009384	42.0785839628
-73.5519951171	41.3069352255
-73.4853131914	41.2158388647
-73.724727245	41.1033798734
-73.6464484627	41.0106050202
> Border Bin # 172, Level 2
-73.255054551	42.7522697795
-73.5111009384	42.0785839628
-73.5519951171	41.3069352255
-73.4853131914	41.2158388647
-73.724727245	41.1033798734
-73.6464484627	41.0106050202
> Border Bin # 172, Level 2
-74.7005416953	41.3550011444
-73.8924238956	40.9839017319
-74.0219729915	40.6984054322
-74.1902800031	40.6379797055
-74.2458228428	40.4950026703
-73.9011215381	40.4991226062
> Border Bin # 172, Level 2
-74.7005416953	41.3550011444
-73.8924238956	40.9839017319
-74.022278172	40.6984054322
-74.1902800031	40.6379797055
-74.2458228428	40.4946974899
-73.9011215381	40.4991226062
> Border Bin # 172, Level 2
-71.7994964523	42.0108339055
-71.3861295491	42.0172426947
-71.3405050736	41.7930876631
-71.1416800183	41.6513313497
-71.1280994888	41.51216907
> Border Bin # 172, Level 2
-71.7994964523	42.0108339055
-71.3861295491	42.0172426947
-71.3408102541	41.7930876631
-71.1416800183	41.6513313497
-71.1280994888	41.51216907
> Border Bin # 173, Level 2
-69.0560769055	47.2950331884
-68.5761806668	47.4247348745
-68.3802548257	47.5585564965
-68.3727779049	47.924773022
-68.1202410925	47.9266041047
-68.1161211566	48.0019836728
-67.6122682536	47.9975585565
-67.3566796368	47.8416113527
-67.3228046082	47.8963912413
-66.9469748989	47.8991378653
-66.8484016175	47.9972533761
> Border Bin # 173, Level 2
-69.0560769055	47.2953383688
-68.5761806668	47.4247348745
-68.3802548257	47.5585564965
-68.3727779049	47.924773022
-68.1202410925	47.9266041047
-68.1161211566	48.0019836728
-67.6122682536	47.9975585565
-67.3566796368	47.8416113527
-67.3228046082	47.8963912413
-66.9469748989	47.8991378653
-66.848096437	47.9972533761
> Border Bin # 173, Level 2
-67.2138551919	45.1833371481
-66.9405661097	44.7692072938
> Border Bin # 173, Level 2
-66.0846875715	48.0219729915
-66.4245059892	48.0964370184
-66.6050202182	48.0286869612
> Border Bin # 173, Level 2
-66.0846875715	48.0219729915
-66.4245059892	48.0964370184
-66.6050202182	48.0286869612
> Border Bin # 173, Level 2
-64.0425726711	45.9891660945
-64.2729839017	45.8289463645
> Border Bin # 173, Level 2
-64.0425726711	45.9891660945
-64.2729839017	45.8289463645
> Border Bin # 173, Level 2
-63.8677042802	46.2536049439
-63.6713206683	46.1680018311
> Border Bin # 173, Level 2
-63.8677042802	46.2536049439
-63.6713206683	46.1680018311
> Border Bin # 173, Level 2
-62.6805523766	45.7988860914
-62.4972915236	45.7792019532
> Border Bin # 173, Level 2
-62.6805523766	45.7988860914
-62.4972915236	45.7792019532
> Border Bin # 203, Level 2
-120.001068132	40
-120.001068132	39.0072480354
-120	39.0063324941
> Border Bin # 203, Level 2
-120.001220722	40
-120.001373312	39.006942855
-120	39.0058747234
> Border Bin # 204, Level 2
-114.042572671	37.0002288853
-110	37.0002288853
> Border Bin # 204, Level 2
-114.042572671	37.0002288853
-110	37.0002288853
> Border Bin # 204, Level 2
-120	39.0063324941
-114.625314717	34.9954985885
> Border Bin # 204, Level 2
-120	39.0058747234
-114.625772488	34.9961089494
> Border Bin # 204, Level 2
-114.04180972	40
-114.04196231	36.1997405966
-114.186160067	36.0239566644
-114.363317311	36.1480125124
-114.721599145	36.0927748531
-114.587472343	35.3403524834
> Border Bin # 204, Level 2
-114.04180972	40
-114.04196231	36.1997405966
-114.185854887	36.0239566644
-114.363317311	36.1480125124
-114.721599145	36.0927748531
-114.587472343	35.3403524834
> Border Bin # 204, Level 2
-114.487220569	34.741435874
-114.373540856	34.4730296788
-114.114747845	34.2824444953
-114.52277409	33.9502555886
-114.526436255	33.5616083009
-114.726176852	33.4081025406
-114.728923476	33.3075455863
-114.696421759	33.0869001297
-114.50888838	33.0225070573
-114.457007706	32.8671702144
-114.537270161	32.7296864271
-114.719462882	32.7180895705
> Border Bin # 204, Level 2
-114.487220569	34.741435874
-114.373388266	34.4730296788
-114.114747845	34.2824444953
-114.52246891	33.9502555886
-114.526436255	33.5616083009
-114.726176852	33.4081025406
-114.728618296	33.3075455863
-114.696116579	33.0869001297
-114.50888838	33.0225070573
-114.458075837	32.8603036545
-114.541695277	32.7272449836
-114.719462882	32.7180895705
> Border Bin # 204, Level 2
-114.583962768	35.3411154345
-114.63416495	35.0408178836
-114.558022431	34.8105592432
> Border Bin # 204, Level 2
-114.584115358	35.3411154345
-114.63416495	35.0408178836
-114.558327611	34.8105592432
> Border Bin # 204, Level 2
-114.810254063	32.5081254292
-114.936598764	32.4730296788
-115.041733425	32.2539101244
> Border Bin # 204, Level 2
-115.017013809	31.9650568399
-115.041733425	32.2516212711
> Border Bin # 204, Level 2
-114.559243153	34.8081177996
-114.486915389	34.7364003967
> Border Bin # 204, Level 2
-114.559243153	34.8081177996
-114.486915389	34.7364003967
> Border Bin # 205, Level 2
-103.067215991	33.0011444266
-103.041733425	36.5000381476
-100.00030518	36.4997329671
-100.001068132	34.5807583734
-100	34.5801480125
> Border Bin # 205, Level 2
-109.046921492	31.3333333333
-109.046463722	40
> Border Bin # 205, Level 2
-109.046616312	31.3333333333
-109.046463722	40
> Border Bin # 205, Level 2
-110	37.0002288853
-104.330205234	36.9999237049
-100	36.9999237049
> Border Bin # 205, Level 2
-110	37.0002288853
-104.330205234	36.9999237049
-100	36.9999237049
> Border Bin # 205, Level 2
-102.024261845	40
-102.014648661	37.0028229191
> Border Bin # 205, Level 2
-102.024109255	40
-102.014648661	37.0028229191
> Border Bin # 205, Level 2
-100.001068132	34.5807583734
-100.00030518	36.4997329671
-103.041733425	36.5000381476
-103.067215991	33.0011444266
> Border Bin # 205, Level 2
-108.830548562	31.3336385138
-108.891432059	31.1921873808
-108.798046845	31.2050049592
-108.559700923	30
> Border Bin # 205, Level 2
-106.521705959	31.7830167086
-106.664225223	32.0006103609
-103.065537499	32
-103.065842679	32.9994659342
> Border Bin # 205, Level 2
-103.065842679	32.9994659342
-103.065537499	32
-106.664225223	32.0006103609
-106.521705959	31.7830167086
> Border Bin # 205, Level 2
-103.000228885	36.5000381476
-103.000839246	36.9994659342
> Border Bin # 205, Level 2
-103.000228885	36.5000381476
-103.000839246	36.9994659342
> Border Bin # 205, Level 2
-100.00030518	34.5810635538
-100	34.5807583734
> Border Bin # 206, Level 2
-91.4747844663	40
-91.3759060044	39.7216754406
-90.7875181201	39.2991531243
-90.6250095369	38.8880750744
-90.4374761578	38.9658960861
-90.1263447013	38.8386358434
-90.3636224918	38.2261387045
-90	37.9882505531
> Border Bin # 206, Level 2
-90	35.5451285573
-90.0440985733	35.5497062638
-90.0132753491	35.4335851072
-90.1063553826	35.4833295186
-90.1788357366	35.4241245136
-90.0941481651	35.3897917144
-90.175631342	35.2849622339
-90.0839246204	35.2307927062
-90.0921644923	35.1349660487
-90.3013656825	35.0435645075
-90.2963302052	34.8630502785
-90.4733348592	34.8792248417
-90.4811169604	34.7333485924
-90.5494773785	34.7963683528
-90.471046006	34.6863508049
-90.5444419013	34.6317235065
-90.5711451896	34.7035934997
-90.5908293278	34.4161135271
-90.6791790646	34.3186083772
-90.7716487373	34.3710994125
-90.8599984741	34.2149996185
-90.9372091249	34.2336156252
-90.8130006867	34.1724269474
-90.9608606088	34.1524376287
-90.8867017624	34.050202182
-90.9852750439	33.9633783474
-91.0942244602	34.0102235447
-91.0058747234	33.7921721218
-91.1586175326	33.7741664759
-91.05226215	33.6864271
-91.2277409018	33.7155718318
-91.1644159609	33.6113527123
-91.2460517281	33.5896849012
-91.246662089	33.4579995422
-91.1461051347	33.4964522774
-91.1778439002	33.3925383383
-91.0791180285	33.4650186923
-91.1535820554	33.3563744564
-91.1200122072	33.2666514076
-91.0519569696	33.2828259709
-91.1078049897	33.1457999542
-91.2042420081	33.1430533303
-91.1361867704	33.0574502174
-91.2280460822	32.9280537118
-91.1007858396	32.9822232395
-91.1793698024	32.7872129397
-91.0664530404	32.7344167239
-91.1697566186	32.6472877089
-91.1380178531	32.5993743801
-91.0174715801	32.6361486229
-91.0800335698	32.5606164645
-91.0119783322	32.4974441138
-91.0942244602	32.5238422217
-91.1097886625	32.4730296788
-90.9872587167	32.4469367514
-90.9967193103	32.3657587549
-90.9066910811	32.3208972305
-91.1586175326	32.2160677501
-91.1480888075	32.1438925765
-91.0122835126	32.1625085832
-91.0896467536	32.0663767453
-91.1650263218	32.0846875715
-91.0777447166	32.0189211872
-91.2642099641	31.8182650492
-91.3441672389	31.8466468299
-91.3652246891	31.7775234607
-91.2791638056	31.7639429313
-91.3827725643	31.7416647593
-91.4227512016	31.6327153429
-91.5117112993	31.6360723278
-91.4189364462	31.579766537
-91.5147631037	31.5304798962
-91.4935530632	31.3928435187
-91.5744258793	31.41466392
-91.5161364157	31.2936598764
-91.6496528573	31.2649729152
-91.5716792554	31.0695048447
-91.6505683986	30.9997711147
-90	31.000686656
> Border Bin # 206, Level 2
-91.4747844663	40
-91.3759060044	39.7216754406
-90.7875181201	39.2991531243
-90.6250095369	38.8880750744
-90.4374761578	38.9658960861
-90.1263447013	38.8389410239
-90.3636224918	38.2261387045
-90	37.9882505531
> Border Bin # 206, Level 2
-90	35.5451285573
-90.0440985733	35.5497062638
-90.0132753491	35.4335851072
-90.1063553826	35.4833295186
-90.1788357366	35.4241245136
-90.0938429847	35.3897917144
-90.175631342	35.2849622339
-90.0839246204	35.2307927062
-90.0921644923	35.1349660487
-90.3013656825	35.0435645075
-90.301060502	34.8593881132
-90.4689097429	34.8822766461
-90.4875257496	34.7316700999
-90.5494773785	34.7963683528
-90.471046006	34.6863508049
-90.5444419013	34.6317235065
-90.5711451896	34.7035934997
-90.5908293278	34.4161135271
-90.6791790646	34.3186083772
-90.7716487373	34.3710994125
-90.8599984741	34.2149996185
-90.9372091249	34.2336156252
-90.8130006867	34.1724269474
-90.9608606088	34.1524376287
-90.8867017624	34.050202182
-90.9852750439	33.9633783474
-91.0942244602	34.0102235447
-91.0058747234	33.7921721218
-91.1586175326	33.7741664759
-91.05226215	33.6864271
-91.2277409018	33.7155718318
-91.1644159609	33.6113527123
-91.2460517281	33.5896849012
-91.246662089	33.4579995422
-91.1461051347	33.4964522774
-91.1778439002	33.3925383383
-91.0791180285	33.4650186923
-91.1535820554	33.3563744564
-91.1200122072	33.2666514076
-91.0519569696	33.2828259709
-91.1078049897	33.1457999542
-91.2042420081	33.1430533303
-91.1361867704	33.0574502174
-91.2280460822	32.9280537118
-91.1007858396	32.9822232395
-91.1793698024	32.7872129397
-91.0664530404	32.7344167239
-91.1697566186	32.6472877089
-91.1380178531	32.5993743801
-91.0174715801	32.6361486229
-91.0800335698	32.5606164645
-91.0119783322	32.4974441138
-91.1097886625	32.4730296788
-90.9872587167	32.4469367514
-90.9967193103	32.3657587549
-90.9066910811	32.3208972305
-91.1586175326	32.2160677501
-91.1480888075	32.1438925765
-91.0122835126	32.1625085832
-91.0896467536	32.0663767453
-91.1650263218	32.0846875715
-91.0777447166	32.0189211872
-91.2642099641	31.8182650492
-91.3513389792	31.8384069581
-91.3652246891	31.7775234607
-91.2791638056	31.7639429313
-91.3827725643	31.7416647593
-91.4227512016	31.6327153429
-91.5117112993	31.6360723278
-91.4189364462	31.579766537
-91.5147631037	31.5304798962
-91.4935530632	31.3928435187
-91.5744258793	31.41466392
-91.5161364157	31.2936598764
-91.6496528573	31.2649729152
-91.5716792554	31.0695048447
-91.6505683986	30.9997711147
-90	31.000686656
> Border Bin # 206, Level 2
-100	34.5801480125
-99.6360723278	34.3794918746
-99.409781033	34.3758297093
-99.3556115053	34.4628061341
-99.1996643015	34.3385976959
-99.1725032425	34.2136263066
-98.5944914931	34.1583886473
-98.4614328222	34.0666819257
-98.3558403906	34.1388570993
-98.1025406271	34.14633402
-97.9430838483	33.8757915618
-97.6386663615	33.9867246509
-97.4280918593	33.8197909514
-97.1955443656	33.8983749142
-97.1302357519	33.7227435721
-96.9474326696	33.9560540169
-96.7360952163	33.845273518
-96.5944914931	33.9099717708
-96.3230334936	33.6983291371
-95.9400320439	33.8944075685
-95.7772182803	33.8510719463
-95.5896849012	33.9444571603
-95.5371938659	33.879453727
-95.340047303	33.8663309682
-95.2246890974	33.9647516594
-94.3921568627	33.5577935454
-94.045319295	33.5533684291
> Border Bin # 206, Level 2
-99.9992370489	34.5796902419
-99.6360723278	34.3794918746
-99.409781033	34.3758297093
-99.3556115053	34.4628061341
-99.1691462577	34.2127107652
-98.5944914931	34.1583886473
-98.4614328222	34.0666819257
-98.3558403906	34.1388570993
-98.098268101	34.144960708
-97.9430838483	33.8757915618
-97.649500267	33.987487602
-97.4280918593	33.8197909514
-97.2010376135	33.9011215381
-97.1422903792	33.7244220645
-96.9474326696	33.9560540169
-96.7360952163	33.845273518
-96.5944914931	33.9099717708
-96.3230334936	33.6983291371
-95.9400320439	33.8944075685
-95.7775234607	33.8510719463
-95.5896849012	33.9444571603
-95.5371938659	33.879453727
-95.340047303	33.8663309682
-95.2246890974	33.9647516594
-94.3921568627	33.5577935454
-94.045319295	33.5533684291
> Border Bin # 206, Level 2
-100	36.9999237049
-94.6179903868	36.9997711147
-94.6179903868	39.1332875563
> Border Bin # 206, Level 2
-100	36.9999237049
-94.6179903868	36.9997711147
-94.6179903868	39.1332875563
> Border Bin # 206, Level 2
-95.3513389792	40
-95.1007858396	39.8628213931
-94.9517051957	39.8997482261
-94.8816662852	39.8191805905
-94.8755626764	39.7311360342
-94.9658960861	39.7355611505
-95.1061264973	39.5475700008
-94.8291752499	39.2130922408
-94.6179903868	39.1203173877
> Border Bin # 206, Level 2
-95.3513389792	40
-95.1007858396	39.8628213931
-94.9517051957	39.8997482261
-94.8816662852	39.8191805905
-94.875257496	39.7311360342
-94.9658960861	39.7355611505
-95.1061264973	39.5475700008
-94.8291752499	39.2130922408
-94.6179903868	39.1203173877
> Border Bin # 206, Level 2
-94.4841687648	33.6475165942
-94.4391546502	35.3861295491
-94.6175326162	36.5004959182
-90.1622034028	36.4997329671
-90.0694285496	36.2819867247
-90.3828488594	35.9855039292
-90	35.9940489815
> Border Bin # 206, Level 2
-94.0433356222	33.5497062638
-94.0430304417	31.9932860304
-93.8394750896	31.7904936294
-93.8338292515	31.5997558556
-93.5367360952	31.186083772
-93.5130846113	31.0353246357
-93.733119707	30.5468833448
-93.7183184558	30.0750743877
-93.7836270695	30
> Border Bin # 206, Level 2
-93.7836270695	30
-93.7183184558	30.0750743877
-93.733119707	30.5468833448
-93.5130846113	31.0353246357
-93.5367360952	31.186083772
-93.8338292515	31.5997558556
-93.8394750896	31.7904936294
-94.0430304417	31.9932860304
-94.0433356222	33.5497062638
> Border Bin # 206, Level 2
-94.6179903868	36.9997711147
-94.6182955673	36.4997329671
-90.1622034028	36.4997329671
-90.0694285496	36.2819867247
-90.3828488594	35.9855039292
-90	35.9940489815
> Border Bin # 206, Level 2
-94.4841687648	33.6475165942
-94.4391546502	35.3861295491
-94.6175326162	36.5004959182
> Border Bin # 206, Level 2
-98.6623941405	40
-95.3008316167	39.9996948196
> Border Bin # 206, Level 2
-98.6625467308	40
-95.3008316167	39.9996948196
> Border Bin # 206, Level 2
-94.0436408026	33.0116731518
-91.1805905241	33.0122835126
> Border Bin # 206, Level 2
-94.0436408026	33.0116731518
-91.1805905241	33.0122835126
> Border Bin # 206, Level 2
-90.3009079118	35.0016021973
-90	35.0017547875
> Border Bin # 206, Level 2
-90.3009079118	35.0016021973
-90	35.0017547875
> Border Bin # 206, Level 2
-94.6182955673	36.4997329671
-94.6179903868	36.9997711147
> Border Bin # 206, Level 2
-100	34.5807583734
-99.9992370489	34.5796902419
> Border Bin # 207, Level 2
-90	37.9882505531
-89.9525444419	37.9572747387
-89.9620050355	37.8889143206
-89.8541237507	37.9028000305
-89.5283436332	37.6827649348
-89.4416723888	37.4114595254
-89.5208667124	37.267566949
-89.3861295491	37.0492103456
-89.2811474784	36.9953459983
-89.2693980316	37.0861371786
-89.11497673	36.9558251316
-89.2227054246	36.5766384375
-89.3722438392	36.6277561608
-89.4857709621	36.4483100633
-89.5042343786	36.5566491188
-89.5753414206	36.5444419013
-89.5277332723	36.3752193484
-89.6292057679	36.3169298848
-89.558861677	36.2658121614
-89.6911573968	36.241092546
-89.6072327764	36.1330586709
-89.7308308537	36.0022888533
-89.6644541085	35.8977645533
-89.7488364996	35.9105821317
-89.7291523613	35.8228427558
-89.9594110018	35.7383077745
-89.8558022431	35.6516365301
-89.9389639124	35.5388723583
-90	35.5451285573
> Border Bin # 207, Level 2
-90	31.000686656
-89.7328145266	31.0008392462
-89.8442053864	30.6733806363
-89.5222400244	30.1869230182
> Border Bin # 207, Level 2
-90	37.9882505531
-89.9525444419	37.9572747387
-89.9620050355	37.8889143206
-89.8541237507	37.9028000305
-89.5283436332	37.6827649348
-89.4416723888	37.4114595254
-89.5208667124	37.267566949
-89.3861295491	37.0492103456
-89.280842298	36.9953459983
-89.2690928511	37.0861371786
-89.11497673	36.9558251316
-89.2227054246	36.5766384375
-89.3722438392	36.6277561608
-89.4857709621	36.4483100633
-89.5042343786	36.5566491188
-89.5753414206	36.5444419013
-89.5277332723	36.3752193484
-89.6292057679	36.3169298848
-89.5585564965	36.2658121614
-89.6911573968	36.241092546
-89.6072327764	36.1330586709
-89.7308308537	36.0022888533
-89.6644541085	35.8977645533
-89.7488364996	35.9105821317
-89.7291523613	35.8228427558
-89.9594110018	35.7383077745
-89.8558022431	35.6516365301
-89.9389639124	35.5388723583
-90	35.5451285573
> Border Bin # 207, Level 2
-90	31.000686656
-89.7328145266	31.0008392462
-89.843900206	30.6733806363
-89.5222400244	30.1869230182
> Border Bin # 207, Level 2
-80.7269398032	40
-80.8775463493	39.6211184863
-81.2219424735	39.3943694209
-81.363088426	39.3458457313
-81.4561684596	39.4119172961
-81.5716792554	39.2774853132
-81.6861219196	39.2642099641
-81.8205539025	39.0742351415
-81.7644007019	38.9274433509
-81.9241626612	38.8780041199
-81.9333180743	38.9855802243
-82.0433356222	39.0045014115
-82.2177462425	38.7747005417
-82.1763942931	38.6094453346
-82.2755779355	38.5816739147
-82.3236438544	38.4419012741
-82.5850308995	38.4100099184
-82.829938201	38.5813687343
-82.8989089799	38.7466239414
-83.2974746319	38.5944914931
-83.5080491341	38.7038986801
-83.7424277104	38.6483558404
-83.8709086748	38.7638666361
-84.2005035477	38.8113221942
-84.4452582589	39.1061264973
-84.6091401541	39.0695048447
-84.727550164	39.1400015259
-84.8824292363	39.0530251011
-84.8055237659	38.7847714961
-85.1789120317	38.6886396582
> Border Bin # 207, Level 2
-80.7267872129	40
-80.8772411688	39.6211184863
-81.2219424735	39.3943694209
-81.363088426	39.3458457313
-81.4561684596	39.4119172961
-81.5716792554	39.2774853132
-81.6861219196	39.2642099641
-81.8205539025	39.0742351415
-81.7644007019	38.9274433509
-81.9241626612	38.8783093004
-81.9333180743	38.9855802243
-82.0433356222	39.0045014115
-82.2177462425	38.7747005417
-82.1763942931	38.6094453346
-82.275272755	38.5816739147
-82.3236438544	38.4419012741
-82.5850308995	38.4100099184
-82.829938201	38.5813687343
-82.8989089799	38.7466239414
-83.2974746319	38.5944914931
-83.5080491341	38.7038986801
-83.7424277104	38.6483558404
-83.8709086748	38.7638666361
-84.2085908293	38.8166628519
-84.4452582589	39.1061264973
-84.6091401541	39.0695048447
-84.727550164	39.1400015259
-84.8824292363	39.0530251011
-84.8052185855	38.7847714961
-85.1789120317	38.6886396582
> Border Bin # 207, Level 2
-80	38.0259403372
-80.2871747921	37.6858167391
-80.2207980468	37.6255436027
-80.2800030518	37.5185778592
-80.743572137	37.3813992523
-80.8516060121	37.4264133669
-80.9550621805	37.2910658427
-81.2188906691	37.242542153
-81.3604943923	37.3388265812
-81.5835812924	37.2043945983
-81.8358129244	37.2913710231
-81.9563591974	37.5320057984
-82.2955672541	37.6824597543
-82.6334019989	38.1527428092
-82.5885404746	38.4171816587
> Border Bin # 207, Level 2
-89.4250400549	36.4988174258
-88.0427252613	36.4986648356
-88.075226978	36.690623331
-87.8397802701	36.6385900664
-83.712214847	36.5824368658
-80	36.5668726635
> Border Bin # 207, Level 2
-89.4250400549	36.4988174258
-88.0427252613	36.4986648356
-88.075226978	36.690623331
-87.8397802701	36.6385900664
-83.712214847	36.5824368658
-80	36.5668726635
> Border Bin # 207, Level 2
-85.1844052796	38.691996643
-85.4416723888	38.7261768521
-85.4155794614	38.5403219654
-85.605554284	38.4478522927
-85.6763561456	38.2992294194
-85.8290989548	38.278019379
-85.9203479057	38.0402838178
-86.0456244755	37.9647516594
-86.2716105898	38.061341268
-86.3704890517	38.1966887922
-86.3324940871	38.1341268025
-86.4635690852	38.1293965057
-86.5156023499	37.9356069276
-86.6349279011	37.8469520104
-86.8294804303	37.9891660945
-87.0231174182	37.9153124285
-87.1200122072	37.7883573663
-87.5913633936	37.9739070726
-87.650873579	37.8242160678
-87.6850537881	37.9044785229
-87.91638056	37.9249256123
-87.903105211	37.818112459
-88.045319295	37.8107881285
-88.154726482	37.6614023041
-88.082246128	37.483634699
-88.4834058137	37.3908598459
-88.4788281071	37.0719462882
-88.9924467842	37.2213321126
-89.172808423	37.0733196002
-89.1311512932	36.9828336004
> Border Bin # 207, Level 2
-85.1844052796	38.691996643
-85.4416723888	38.7261768521
-85.4155794614	38.5403219654
-85.605554284	38.4478522927
-85.6763561456	38.2993820096
-85.8290989548	38.278019379
-85.9203479057	38.0402838178
-86.0456244755	37.9647516594
-86.2716105898	38.061341268
-86.3704890517	38.1966887922
-86.3324940871	38.1341268025
-86.4635690852	38.1293965057
-86.5156023499	37.9356069276
-86.6349279011	37.8469520104
-86.8294804303	37.9891660945
-87.0231174182	37.9153124285
-87.1200122072	37.7883573663
-87.5913633936	37.9739070726
-87.650873579	37.8242160678
-87.6850537881	37.9044785229
-87.91638056	37.9249256123
-87.903105211	37.818112459
-88.045319295	37.8107881285
-88.1544213016	37.6614023041
-88.082246128	37.483634699
-88.4834058137	37.3908598459
-88.4788281071	37.0719462882
-88.9924467842	37.2213321126
-89.172808423	37.0733196002
-89.1311512932	36.9828336004
> Border Bin # 207, Level 2
-80	38.0262455177
-80.2871747921	37.6858167391
-80.2207980468	37.6255436027
-80.2763408865	37.521934844
-80.4524299992	37.42854963
-80.527504387	37.4686808576
-80.743572137	37.3813992523
-80.8516060121	37.4264133669
-80.8969253071	37.3171587701
-81.2135500114	37.242542153
-81.3604943923	37.3388265812
-81.6241702907	37.206988632
-81.9281300069	37.3702601663
-81.9664301518	37.5388723583
> Border Bin # 207, Level 2
-90	35.9940489815
-89.7291523613	36
> Border Bin # 207, Level 2
-86.8325322347	35.0022125582
-88.1963836118	35.0235751888
-88.0863660639	34.9060807202
-88.4866102083	31.9002059968
-88.4022278172	30.3903257801
> Border Bin # 207, Level 2
-86.8325322347	35.0022125582
-88.1963836118	35.0235751888
-88.0863660639	34.9060807202
-88.4866102083	31.9002059968
-88.4022278172	30.3903257801
> Border Bin # 207, Level 2
-81.6563668269	36.6105134661
-81.7116044862	36.3447013046
-81.9072251469	36.3080796521
-82.0741588464	36.1029983978
-82.2931258106	36.1374837873
-82.5592431525	35.9610894942
-82.6303501946	36.0630197604
-82.804150454	35.9327077134
-82.9040970474	35.9502555886
-82.9872587167	35.7816433967
-83.1627374685	35.7613488975
-83.4921797513	35.5710688945
-83.8869306477	35.5155260548
-84.0791943236	35.2649729152
-84.2911421378	35.2300297551
-84.3241016251	34.986037995
> Border Bin # 207, Level 2
-81.6563668269	36.6105134661
-81.7116044862	36.3447013046
-81.9072251469	36.3080796521
-82.0741588464	36.1029983978
-82.2931258106	36.1374837873
-82.5592431525	35.9610894942
-82.6300450141	36.0630197604
-82.8038452735	35.9327077134
-82.9040970474	35.9502555886
-82.9872587167	35.7816433967
-83.1627374685	35.7613488975
-83.4921797513	35.5710688945
-83.8869306477	35.5155260548
-84.0791943236	35.2649729152
-84.2911421378	35.2300297551
-84.3241016251	34.986037995
> Border Bin # 207, Level 2
-83.0977340352	35.0002288853
-82.3913939117	35.220874342
-81.3380636301	35.1711299306
-81.0563820859	35.1525139239
-81.0371557183	35.0563820859
-80.9358358129	35.1155870909
-80.7875181201	34.956130312
-80.7933165484	34.8255130846
-80	34.8123903258
> Border Bin # 207, Level 2
-83.0977340352	35.0002288853
-82.3913939117	35.220874342
-81.3380636301	35.1711299306
-81.0563820859	35.1525139239
-81.0371557183	35.0563820859
-80.9358358129	35.1155870909
-80.7875181201	34.956130312
-80.7933165484	34.8255130846
-80	34.8123903258
> Border Bin # 207, Level 2
-81.5111009384	30.7171740291
-81.9650568399	30.8191042954
-82.0419623102	30.7367055772
-82.0463874266	30.373540856
-82.1683070115	30.3630121309
-82.2372777905	30.5650415808
-84.8664072633	30.7183947509
-84.9652857252	30.920576791
> Border Bin # 207, Level 2
-81.5111009384	30.7171740291
-81.9650568399	30.8191042954
-82.0419623102	30.7367055772
-82.0463874266	30.373540856
-82.1683070115	30.3630121309
-82.2366674296	30.5641260395
-84.8664072633	30.7183947509
-84.9652857252	30.920576791
> Border Bin # 207, Level 2
-82.5885404746	38.4171816587
-82.6375219348	38.1608300908
-82.4841687648	37.9333180743
-82.2914473182	37.6791027695
-81.9652094301	37.5385671778
-82.6994735637	37.1299305715
-82.8644235904	36.9040970474
-83.0621805142	36.8535896849
-83.1297779812	36.7492179751
-83.6728465705	36.6024261845
> Border Bin # 207, Level 2
-85.0603494316	32.0535591669
-84.8941786831	32.2694743267
-84.9968719005	32.3358510719
-84.993057145	32.5119401846
-85.174181735	32.8241397726
-85.6234073396	34.9991607538
> Border Bin # 207, Level 2
-82.2024872206	33.6563668269
-81.9291981384	33.4674601358
-81.9363698787	33.3594262608
-81.7599755856	33.1575494011
-81.4918745708	33.0089265278
-81.4033722438	32.6182955673
-81.2402532998	32.5278095674
-81.1311512932	32.3239490349
-81.1375600824	32.131685359
-80.8938735027	32.0288395514
> Border Bin # 207, Level 2
-82.2024872206	33.6563668269
-81.9291981384	33.4674601358
-81.9363698787	33.3594262608
-81.7599755856	33.1575494011
-81.4918745708	33.0089265278
-81.4033722438	32.6182955673
-81.2402532998	32.5278095674
-81.1311512932	32.3239490349
-81.1375600824	32.131685359
-80.8938735027	32.0288395514
> Border Bin # 207, Level 2
-85.0600442512	32.0535591669
-84.8941786831	32.2694743267
-84.9968719005	32.3358510719
-84.993057145	32.5119401846
-85.174181735	32.8241397726
-85.6234073396	34.9991607538
> Border Bin # 207, Level 2
-84.8145265888	40
-84.823682002	39.0994125277
> Border Bin # 207, Level 2
-84.8145265888	40
-84.823682002	39.0994125277
> Border Bin # 207, Level 2
-90	35.9940489815
-89.7291523613	36
> Border Bin # 207, Level 2
-87.53307393	39.3569848173
-87.626459144	39.3046463722
-87.6685740444	39.1099412528
-87.5341420615	38.9533836881
-87.5138475624	38.7394522011
-87.6458381018	38.4946974899
-87.990234226	38.2330052644
-87.9349965667	38.1432822156
-88.0260929274	38.0952162966
-87.9694819562	38.0788891432
-88.0469977874	38.0436408026
-88.0361638819	37.8983749142
-88.1106279088	37.890592813
-88.0477607385	37.8049897002
> Border Bin # 207, Level 2
-87.5327687495	39.3569848173
-87.626459144	39.3046463722
-87.6685740444	39.1099412528
-87.5341420615	38.9533836881
-87.5138475624	38.7394522011
-87.6458381018	38.4950026703
-87.990234226	38.2330052644
-87.9349965667	38.1432822156
-88.0260929274	38.0955214771
-87.9694819562	38.0788891432
-88.0469977874	38.0439459831
-88.0361638819	37.8983749142
-88.1106279088	37.890592813
-88.0477607385	37.8049897002
> Border Bin # 207, Level 2
-84.5796902419	34.9971770809
-83.0963607233	35.0000762951
-83.3539330129	34.7016098268
-83.0258640421	34.4835584039
-82.8792248417	34.4786755169
-82.8155947204	34.3561455711
> Border Bin # 207, Level 2
-84.5796902419	34.9971770809
-83.0963607233	35.0000762951
-83.3539330129	34.7016098268
-83.0258640421	34.4835584039
-82.8792248417	34.4786755169
-82.8155947204	34.3561455711
> Border Bin # 207, Level 2
-80	39.7213702602
-80.5194171054	39.7213702602
-80.5194171054	40
> Border Bin # 207, Level 2
-80.5194171054	40
-80.5194171054	39.7213702602
-80	39.7213702602
> Border Bin # 207, Level 2
-87.5083543145	30.275272755
-87.3722438392	30.4402227817
-87.4430457008	30.5281147478
-87.3972686351	30.6535439078
-87.6235599298	30.8569466697
-87.6058594644	30.9994659342
-85.0058747234	30.9997711147
> Border Bin # 207, Level 2
-87.5083543145	30.275272755
-87.3722438392	30.4402227817
-87.4430457008	30.5281147478
-87.3972686351	30.6535439078
-87.6235599298	30.8569466697
-87.6058594644	30.9994659342
-85.0058747234	30.9997711147
> Border Bin # 207, Level 2
-87.5292591745	40
-87.5321583886	39.3550011444
> Border Bin # 207, Level 2
-87.5292591745	40
-87.5321583886	39.3550011444
> Border Bin # 207, Level 2
-81.9652094301	37.5394827192
-82.6994735637	37.1299305715
-82.8644235904	36.9040970474
-83.0621805142	36.8535896849
-83.1297779812	36.7492179751
-83.6728465705	36.6024261845
> Border Bin # 207, Level 2
-82.8152895399	34.3582818341
-82.5593957427	33.9586480507
-82.2999923705	33.8049897002
-82.2052338445	33.6589608606
> Border Bin # 207, Level 2
-82.8152895399	34.3582818341
-82.5593957427	33.9586480507
-82.2999923705	33.8049897002
-82.2052338445	33.6589608606
> Border Bin # 207, Level 2
-85.0621805142	31.6272220951
-85.1033798734	31.2043945983
-84.9636072328	30.9178301671
> Border Bin # 207, Level 2
-85.0618753338	31.6272220951
-85.1033798734	31.2043945983
-84.9636072328	30.9178301671
> Border Bin # 207, Level 2
-86.8336003662	34.9994659342
-84.5841153582	35.0000762951
> Border Bin # 207, Level 2
-86.8336003662	34.9994659342
-84.5841153582	35.0000762951
> Border Bin # 207, Level 2
-90	35.0017547875
-88.1908903639	35.0025177386
> Border Bin # 207, Level 2
-90	35.0017547875
-88.1908903639	35.0025177386
> Border Bin # 207, Level 2
-85.0635538262	31.6289005875
-85.1410696574	31.8260471504
-85.0621805142	32.0558480201
> Border Bin # 207, Level 2
-85.0635538262	31.6289005875
-85.1410696574	31.8260471504
-85.0618753338	32.0558480201
> Border Bin # 207, Level 2
-89.5638971542	36.5008010986
-89.4921797513	36.5014114595
> Border Bin # 207, Level 2
-89.5638971542	36.5008010986
-89.4921797513	36.5014114595
> Border Bin # 208, Level 2
-77.7361715114	39.3278400855
-77.8361181048	39.1447318227
-78.3405813687	39.44945449
-78.4219119554	39.1544975967
-78.8728160525	38.7817196918
-78.9968719005	38.8468757153
-79.2886243992	38.4219119554
-79.6530098421	38.5880827039
-79.7975127794	38.2658121614
-80	38.0259403372
> Border Bin # 208, Level 2
-80	36.5668726635
-75.8336766613	36.5494773785
> Border Bin # 208, Level 2
-80	36.5668726635
-75.8336766613	36.5494773785
> Border Bin # 208, Level 2
-77.7361715114	39.3278400855
-77.8361181048	39.1447318227
-78.3302052338	39.4558632792
-78.4219119554	39.1544975967
-78.8728160525	38.7814145113
-78.9947356374	38.8485542077
-79.2886243992	38.4219119554
-79.6485847257	38.5914396887
-79.7950713359	38.2691691463
-80	38.0262455177
> Border Bin # 208, Level 2
-80	34.8123903258
-79.6678110933	34.8068970779
-78.5461203937	33.858548867
> Border Bin # 208, Level 2
-80	34.8123903258
-79.6678110933	34.8068970779
-78.5461203937	33.858548867
> Border Bin # 208, Level 2
-76.1828030823	37.9194323644
-76.4689097429	37.9914549477
-76.6047150378	38.1553368429
-76.8830395972	38.1844815747
-77.0533302815	38.3057907988
-77.0330357824	38.4049744411
-77.2538338293	38.3425650416
-77.3032730602	38.5011062791
-77.0386816205	38.7330434119
-77.0630960555	38.9077592126
> Border Bin # 208, Level 2
-76.1828030823	37.9194323644
-76.4689097429	37.9914549477
-76.6047150378	38.1553368429
-76.8830395972	38.1844815747
-77.0533302815	38.3060959792
-77.032730602	38.4049744411
-77.2538338293	38.3425650416
-77.3032730602	38.5011062791
-77.0386816205	38.7330434119
-77.0630960555	38.9077592126
> Border Bin # 208, Level 2
-78.5708400092	39.5280384527
-78.180514229	39.698939498
-77.8530556191	39.6116578927
-77.7413595789	39.3308918898
-77.5533684291	39.2991531243
-77.4586099031	39.2307927062
-77.51216907	39.1392385748
-77.4457923247	39.0743877317
-77.0621805142	38.9050125887
> Border Bin # 208, Level 2
-78.5708400092	39.5280384527
-78.180514229	39.698939498
-77.8463416495	39.6092164492
-77.7413595789	39.3308918898
-77.5533684291	39.2991531243
-77.4586099031	39.2307927062
-77.51216907	39.1392385748
-77.4457923247	39.0743877317
-77.0618753338	38.9050125887
> Border Bin # 208, Level 2
-75.7747768368	39.7216754406
-80	39.7213702602
> Border Bin # 208, Level 2
-80	39.7213702602
-75.774929427	39.7216754406
> Border Bin # 208, Level 2
-75.5469596399	39.4563210498
-75.5568780041	39.6224917983
-75.4305333028	39.7778286412
-75.134508278	39.8739604791
-75.0399023423	40
> Border Bin # 208, Level 2
-75.0395971618	40
-75.1299305715	39.8760967422
-75.4305333028	39.7778286412
-75.5568780041	39.6227969787
-75.5469596399	39.4563210498
> Border Bin # 208, Level 2
-75.0414282444	38.4527351797
-75.712214847	38.453650721
-75.7853055619	39.7203021286
-75.6444647898	39.8435950256
-75.4206149386	39.8144502937
> Border Bin # 208, Level 2
-75.0414282444	38.4527351797
-75.712214847	38.453650721
-75.7853055619	39.7203021286
-75.6444647898	39.8435950256
-75.4206149386	39.8144502937
> Border Bin # 208, Level 2
-79.4766155489	39.7213702602
-79.4869916838	39.2039368276
-79.1030746929	39.4677653162
-78.9571984436	39.4500648508
-78.7722590982	39.6404974441
-78.5752651255	39.5255970092
> Border Bin # 208, Level 2
-79.4766155489	39.7213702602
-79.4869916838	39.2039368276
-79.1030746929	39.4677653162
-78.9571984436	39.4500648508
-78.7722590982	39.6404974441
-78.5752651255	39.5255970092
> Border Bin # 208, Level 2
-75.2283512627	38.0392156863
-75.7975127794	37.9205004959
-76.0636301213	37.9552910658
> Border Bin # 208, Level 2
-75.2283512627	38.0392156863
-75.7975127794	37.9205004959
-76.0636301213	37.9552910658
> Border Bin # 208, Level 2
-77.0394445716	38.7899595636
-76.9022659648	38.8928053712
-77.0386816205	38.9947356374
-77.1207751583	38.9430075532
> Border Bin # 208, Level 2
-77.0394445716	38.7899595636
-76.9022659648	38.8928053712
-77.0386816205	38.9950408179
-77.1207751583	38.9433127337
> Border Bin # 240, Level 2
-114.204776074	28.0003051804
-112.724193179	27.9993896391
> Border Bin # 241, Level 2
-100	27.655756466
-100.182497902	27.7941557946
-100.311741817	27.7099259937
-100.428320745	27.4007782101
-100.5850309	27.3949797818
-100.822766461	27.2352178225
-100.795300221	27.0263218128
-100.549782559	27.0305943389
-100.565499351	26.7719539178
-100.694743267	26.6283665217
-100.79423209	26.7077134356
-101.218585489	26.3704890517
-100.91996643	26.0708018616
-100.819714656	25.7439536126
-100.575265126	25.5382619974
-100.691691463	25.4900434882
-100.441596094	25.3272297246
-100.189669642	25.2758068208
-100.259098192	25.255054551
-100.191653315	25.1911192493
-100.374761578	25.1575494011
-100.54367895	25.2283512627
-100.751659419	25.1779964904
-100.825207904	25.0388342107
-100.698405432	24.9311055161
-100.78721294	24.8928053712
-100.837567712	24.5302510109
-101.402151522	23.8980697337
-102.039215686	23.3833829252
-102.192721447	23.3885709926
-102.276951247	23.2364385443
-102.168307012	22.8535896849
-101.870603494	22.4919508659
-101.708400092	22.4608224613
-101.474479286	22.6186007477
-101.295033188	22.4858472572
-101.360494392	22.3955138476
-101.328603037	22.0791943236
-101.585564965	21.7930876631
-101.543602655	21.6569771878
-101.631952392	21.5272755016
-101.576409552	21.3266193637
-101.83993286	21.150530251
-102.074769207	20.813916228
-101.978332189	20.5911345083
-102.109712367	20.3886472877
> Border Bin # 241, Level 2
-100	22.8134584573
-100.048371099	22.8339055467
-100	22.8876173037
> Border Bin # 241, Level 2
-100	23.0566872663
-100.089417868	23.1207751583
-100.071869993	23.3550011444
-100.019378958	23.412527657
-100	23.4065766384
> Border Bin # 241, Level 2
-100	21.1819638361
-100.009460594	21.1802853437
-100.114442664	20.8999771115
-100.461890593	20.9280537118
-100.600595102	20.6910811017
-100.493324178	20.6091401541
-100.404669261	20.2908369574
-100.16021973	20
> Border Bin # 241, Level 2
-101.524986648	21.8547341115
-101.823910887	22.0227359426
-102.240329595	21.6556038758
-102.704661631	21.7555504692
-102.775616083	21.6516365301
-102.639200427	21.5469596399
-102.687266346	21.3820096132
-103.034409094	21.306630045
-103.056076905	21.0543984131
-103.767452506	21.2256046387
-103.733577478	21.5164415961
-103.650263218	21.461356527
-103.516899367	21.5883115892
-103.549706264	21.7827115282
-103.394216831	21.9333180743
-103.162737469	21.9813839933
-103.055619135	22.2861066606
-103.201342794	22.3077744717
-103.179369802	22.368657969
-103.3728542	22.5058365759
-103.371633478	22.3274586099
-103.475242237	22.1527428092
-103.651178759	22.08361944
-103.70031281	22.1483176928
-103.615014878	22.524757763
-103.729152361	22.5780117494
-103.868619821	22.1838712139
-103.870908675	22.5772487984
-103.770809491	22.6366063935
-103.801937896	22.7231250477
-104.00701915	22.7647821775
-103.950255589	22.3680476081
-104.328679332	22.2661173419
> Border Bin # 241, Level 2
-100.282291905	20.2035553521
-100.425879301	20
> Border Bin # 241, Level 2
-100.906843671	20
-100.923018235	20.0430304417
-101.140001526	20.0846875715
-101.356374456	20.0328068971
-101.459678035	20.3332570382
-101.606927596	20.3179980163
-101.673914702	20.1908903639
-101.89532311	20.1925688563
-101.995574884	20.4029907683
-102.443579767	20.337987335
-102.772716869	20.1974517433
-102.686961166	20.168612192
-102.806897078	20.105897612
-102.938582437	20.1492332341
-103.095597772	20.0010681315
-103.094682231	20
> Border Bin # 241, Level 2
-108.470893416	26.9533836881
-108.305485618	27.0614175631
-108.220798047	26.9727626459
-108.035553521	26.9474326696
-107.84695201	26.6399633783
-107.784695201	26.2003509575
-107.362783246	26.1116960403
-107.10078584	25.6803234913
-107.120775158	25.2211795224
-107.042191196	24.9941252766
-106.638590066	24.5725185016
-106.538948653	24.3186083772
-106.401464866	24.2830548562
-106.249179828	24.3903257801
-106.002288853	24.2119478141
-105.684138247	23.2872510872
-105.528953994	23.1444266423
-105.416647593	23.1471732662
-105.398641947	23.0510414282
-105.462729839	23.0408178836
-105.444113832	22.9039444572
-105.575341421	22.7530327306
-105.454489967	22.5488670176
-105.714961471	22.46692607
> Border Bin # 241, Level 2
-102.811627375	24.6967269398
-103.238879988	24.9044022278
-103.259174487	25.0588235294
-103.501335164	25.2693980316
-103.412832837	25.3852140078
-103.484702831	25.5419241627
-103.323109789	25.7555504692
-103.279774166	26.2900740063
-103.629510948	26.6605630579
-103.823910887	26.7249561303
-104.213321126	26.7455558099
-104.565041581	26.3503471427
-104.844129091	26.492713817
-105.009994659	26.4594491493
-105.137560082	26.5413900969
-105.326161593	26.4588387884
-106.027466239	26.8386358434
-106.092164492	26.7350270848
-106.15335317	26.7522697795
-106.239414054	26.4150453956
-106.449988556	26.3764400702
-106.367437247	26.1475547417
-106.520790417	26.0210574502
-106.533607996	25.7891203174
-106.740215152	25.6224917983
-107.084763867	25.6116578927
> Border Bin # 241, Level 2
-104.309452964	22.3179980163
-104.078126192	23.4474708171
-103.808346685	23.6746776532
-103.850766766	24.0730907149
-103.600518807	24.1824979019
-103.612573434	24.2755779355
-103.267566949	24.4760814832
-102.513618677	24.452277409
-102.505073625	24.828564889
-102.665903716	25.1180285344
-102.257267109	25.1555657282
-101.837491417	25.0269321736
-101.746395056	24.9057755398
-101.585564965	24.8580148013
-101.579766537	24.7544060426
-101.242236973	24.8102540627
-100.99641413	24.5897611963
-100.860608835	24.597238117
-100.589761196	24.2908369574
-100.601358053	23.9600213626
-100.417181659	23.7474631876
-100.434424353	23.2164492256
-100.057526513	23.2411688411
> Border Bin # 241, Level 2
-105.402151522	23.0685893034
-104.914778363	22.9246967269
-104.880292973	22.7830930037
-104.998092622	22.6788738842
-104.998092622	22.548409247
-104.757457847	22.6767376211
-104.660868238	22.624399176
-104.612497139	22.4725719081
-104.491340505	22.4103150988
-104.345006485	22.4519722286
-104.310215915	22.3161669337
-104.402838178	22.0764476997
-104.093537804	21.7857633326
-104.207217517	21.5472648203
-103.94445716	21.3743801022
-104.042572671	21.2114137484
-104.229190509	21.1758602274
-104.2854963	20.708018616
-104.769970245	21.0205233845
-105.083390555	20.9253070878
-105.266346227	20.6999313344
> Border Bin # 241, Level 2
-108.559700923	30
-108.558327611	29.9928282597
-108.61356527	29.4010833906
-108.707713436	29.4007782101
-108.624093996	28.7710383764
-108.689402609	28.6964217594
-108.565804532	28.2891584649
-108.652780957	28.2122529946
-109.056076905	28.2992294194
-109.146410315	28.1757839322
-108.655527581	27.5199511711
-108.665293355	27.151903563
-108.468604562	26.9091325246
-108.486457618	26.8319218738
-109.229724575	26.2630655375
> Border Bin # 241, Level 2
-100.087434195	20
-100	20.1548790723
> Border Bin # 241, Level 2
-101.526970321	21.857175555
-100.96864271	21.7450217441
-100.628824292	21.5103379873
-100.427557794	21.6527046616
-100.296940566	21.6488899062
-100	21.5126268406
> Border Bin # 241, Level 2
-101.846036469	22.012512398
-102.056458381	22.1377889677
-102.024109255	22.2519264515
-102.273594263	22.3558403906
-102.325780117	22.4588387884
-102.634927901	22.2783245594
-102.842298009	21.9349965667
-102.851606012	21.8233005264
-102.742809186	21.7254901961
> Border Bin # 241, Level 2
-103.632257572	26.6669718471
-103.954680705	27.8706034943
-103.292439155	28.9938200961
> Border Bin # 241, Level 2
-102.667277028	25.0739299611
-102.82917525	24.8616769665
-102.808880751	24.6964217594
> Border Bin # 242, Level 2
-99.8074311437	27.771419852
-99.9729915312	27.6353093767
-100	27.655756466
> Border Bin # 242, Level 2
-98.0997940032	20.4306095979
-97.963073167	20.5197222858
-97.8770122835	20.802777142
-97.7338826581	20.793011368
-97.7396810864	20.6460669871
-97.5591668574	20.5413900969
-97.6241702907	20.4199282826
-97.7605859464	20.4367132067
-97.7071793698	20.1899748226
-97.5452811475	20.1052872511
-97.4705119402	20.239719234
-97.380483711	20.2563515679
-97.1386282139	20.1408407721
-97.2367437247	20
> Border Bin # 242, Level 2
-98.5146868086	21.4016937514
-98.5244525826	21.5283436332
-98.6422522316	21.6089112688
-98.450904097	21.7822537575
-98.588845655	21.9716182193
-98.4844739452	21.9942015717
-98.3538567178	22.1811245899
-98.3720149538	22.2644388495
-98.6233310445	22.4214541848
-98.8657969024	22.3389028763
-99.2205691615	22.4414435035
-99.3780422675	22.6794842451
-99.427176318	22.6335545892
-99.5494010834	22.7296864271
-99.5304798962	22.6149385824
-100	22.8134584573
> Border Bin # 242, Level 2
-100	22.8876173037
-99.9075303273	22.9903105211
-100	23.0566872663
> Border Bin # 242, Level 2
-100	23.4065766384
-99.8883039597	23.3725490196
-99.9563591974	23.531700618
-99.8385595483	23.7467002365
-99.5977721828	23.7633325704
-99.4505226215	23.8936446174
-99.6063172351	24.0769054704
-99.557488365	24.3680476081
-99.6275272755	24.4972915236
-99.7315938048	24.5285725185
-99.4139009689	24.7566948959
-99.1639581903	24.7757686732
-99.150530251	25.0513466087
-99.0350194553	25.1230640116
-98.9040970474	25.0719462882
-98.4441901274	25.4227512016
-98.4505989166	25.4930952926
-98.5691615167	25.520561532
-98.5850308995	26.0408941787
-98.8152895399	26.057831693
-98.8891432059	25.9929808499
-99.0086213474	26.0941481651
-99.113603418	26.0788891432
-99.1769283589	26.2900740063
-99.3871976806	26.3549248493
-99.446707866	26.453650721
-99.3824673838	26.5099565118
-99.4149691005	26.6283665217
-99.6310368505	26.6622415503
-99.5663385977	26.8525215534
-99.733119707	26.913557641
-99.7514305333	27.4230563821
-99.8950179294	27.4474708171
-99.9157701991	27.5230029755
-99.7158770123	27.6675059129
> Border Bin # 242, Level 2
-99.7900358587	21.4139009689
-99.7318989853	21.2314030671
-100	21.1819638361
> Border Bin # 242, Level 2
-99.0421911955	21.271076524
-98.9430075532	21.2936598764
-98.811169604	21.1850156405
-98.6199740597	21.2150759136
-98.5214007782	21.4006256199
-98.4107728695	21.1541924163
-98.2847333486	21.2347600519
-98.2854962997	21.1308461128
-98.212558175	21.1572442206
-98.1327534905	21.0791180285
-98.2305638209	20.8308537423
-98.3669794766	20.8586251621
-98.5108720531	20.7563897154
-98.4245059892	20.7185473411
-98.5664148928	20.50171664
-98.4527351797	20.3591973754
-98.1522850385	20.6277561608
-98.0311284047	20.6425574121
-98.0534065766	20.4875257496
-98.2447547112	20.2900740063
-98.0958266575	20.1049820706
-98.1615930419	20
> Border Bin # 242, Level 2
-93.7836270695	30
-93.9444571603	29.8152132448
-93.8519874876	29.7068741894
> Border Bin # 242, Level 2
-93.8519874876	29.7068741894
-93.9444571603	29.8152132448
-93.7836270695	30
> Border Bin # 242, Level 2
-100	20.1548790723
-99.9502555886	20.2427710384
-99.8152132448	20.2684061952
-99.4856183719	20.0819409476
-99.5069810025	20
> Border Bin # 242, Level 2
-99.1218432898	20
-98.9747463188	20.0305180438
-98.9719996948	20
> Border Bin # 242, Level 2
-100	21.5126268406
-99.7933928435	21.4177157244
-99.6905470359	21.5547417411
-99.579766537	21.4238193332
-99.4122224765	21.4610513466
-99.199969482	21.6438544289
-99.0402075227	21.1592278935
> Border Bin # 242, Level 2
-90	20.4553292134
-90.0283817807	20.4943923095
-90.0650034333	20.4431219959
-90.2269016556	20.4896620127
-90.2066071565	20.5577172503
-90.3781185626	20.5539024949
-90.4063477531	20.8638132296
> Border Bin # 242, Level 2
-98.6158541238	22.4168764782
-98.3138780804	22.3982604715
-98.2932784009	22.4686045624
-98.193026627	22.4713511864
-97.905241474	22.3199816892
-97.8744182498	22.2186617838
-97.7769130999	22.2677958343
> Border Bin # 242, Level 2
-99.8289463645	20.2719157702
-99.819485771	20.5125505455
-99.4911116197	20.6628519112
-99.4944686046	20.8155947204
-99.2939650568	21.1464103151
> Border Bin # 242, Level 2
-99.2903028916	21.1457999542
-99.0344090944	21.1577019913
> Border Bin # 243, Level 2
-89.670405127	20
-90	20.4553292134
> Border Bin # 243, Level 2
-88.8455024033	20
-87.7538719768	20.6625467308
-87.5405508507	21.0247959106
-87.5394827192	21.4952315557
